     9843.472      26.88
     9871.531      26.22
     9853.344      25.73
     9864.100      25.90
     9841.843      26.72
     9847.326      26.13
     9847.465      26.08
     9845.268      26.76
     9836.525      25.59
     9853.116      25.68
     9833.084      25.52
     9837.183      25.73
     9875.639      26.87
     9864.840      25.66
     9843.887      26.89
     9844.657      26.85
     9848.506      25.71
     9872.876      26.50
     9841.376      26.65
     9843.630      26.89
     9875.429      26.86
     9838.726      26.10
     9844.800      26.83
     9867.786      25.42
     9874.602      26.78
     9868.255      25.49
     9844.534      26.86
     9835.320      25.41
     9865.274      25.54
     9865.223      25.56
     9845.392      26.74
     9852.097      25.49
     9837.820      25.88
     9834.441      25.37
     9866.620      25.37
     9865.186      25.57
     9840.362      26.47
     9838.466      26.04
     9855.287      26.20
     9836.088      25.51
     9848.839      25.61
     9867.675      25.41
     9859.513      26.88
     9870.670      26.01
     9853.626      25.80
     9840.261      26.45
     9855.238      26.18
     9872.691      26.47
     9859.536      26.88
     9862.092      26.60
     9876.146      26.89
     9846.961      26.26
     9842.509      26.81
     9836.924      25.68
     9840.431      26.48
     9856.039      26.37
     9836.228      25.54
     9856.187      26.40
     9853.961      25.88
     9846.992      26.25
     9845.507      26.71
     9852.514      25.56
     9863.801      26.01
     9867.940      25.44
     9846.284      26.50
     9859.587      26.88
     9874.764      26.80
     9851.514      25.41
     9872.245      26.38
     9838.910      26.14
     9862.789      26.38
     9874.708      26.79
     9841.583      26.68
     9853.041      25.67
     9861.561      26.73
     9855.715      26.29
     9860.165      26.89
     9849.046      25.56
     9875.892      26.88
     9857.094      26.58
     9875.058      26.83
     9875.047      26.83
     9838.414      26.02
     9869.220      25.67
     9847.765      25.96
     9863.674      26.06
     9869.427      25.72
     9853.596      25.79
