    87741.468      26.28
    87731.486      25.60
    87723.416      25.61
    87730.073      26.15
    87738.017      26.02
    87730.056      26.17
    87730.259      26.02
    87736.436      27.03
    87742.650      26.74
    87739.212      25.60
    87735.184      26.86
    87735.882      27.06
    87742.867      26.83
    87731.448      25.60
    87740.693      26.02
    87738.411      25.78
    87733.665      26.27
    87731.768      25.63
    87734.284      26.49
    87739.023      25.60
    87740.049      25.78
    87727.671      26.96
    87733.458      26.20
    87740.219      25.84
    87727.013      26.69
    87736.660      26.95
    87740.717      26.02
    87729.496      26.60
    87734.564      26.60
    87738.731      25.65
    87743.559      27.05
    87724.357      25.72
    87742.698      26.76
    87743.885      27.07
    87736.983      26.78
    87727.303      26.82
    87738.914      25.61
    87724.619      25.81
    87723.488      25.60
    87725.832      26.24
    87740.714      26.02
    87728.440      27.07
    87735.582      27.00
    87737.446      26.45
    87728.095      27.06
    87742.847      26.83
    87723.254      25.64
    87742.142      26.53
    87733.562      26.23
    87740.333      25.88
    87734.014      26.39
    87727.418      26.86
    87729.611      26.51
    87723.401      25.61
    87732.855      25.99
    87733.282      26.14
    87741.246      26.21
    87724.555      25.79
    87737.281      26.58
    87739.728      25.68
    87733.461      26.20
    87738.795      25.64
    87727.287      26.81
    87734.256      26.48
    87723.759      25.60
    87723.612      25.59
    87735.380      26.94
    87734.368      26.52
    87737.144      26.68
    87734.018      26.39
    87734.054      26.40
    87742.565      26.71
    87738.611      25.69
    87742.507      26.68
    87725.810      26.24
    87723.841      25.61
    87723.158      25.67
    87729.075      26.87
    87743.155      26.94
    87740.706      26.02
    87738.293      25.84
    87726.228      26.38
    87736.078      27.08
    87728.149      27.07
    87726.508      26.48
    87728.966      26.92
    87729.585      26.53
    87741.180      26.18
    87727.808      27.00
    87739.788      25.70
