    31400.488      25.57
    31376.177      25.62
    31383.426      25.50
    31378.967      24.94
    31366.732      25.50
    31397.858      25.17
    31344.110      25.17
    31351.032      25.67
    31384.794      25.77
    31345.483      24.95
    31350.319      25.54
    31393.797      25.26
    31347.681      25.15
    31357.513      26.31
    31389.466      26.47
    31400.269      25.54
    31393.855      25.24
    31364.719      25.20
    31354.555      26.37
    31395.621      24.94
    31397.442      25.11
    31373.393      26.43
    31384.051      25.62
    31367.266      25.59
    31364.734      25.20
    31352.067      25.90
    31352.078      25.90
    31378.143      25.01
    31377.552      25.13
    31344.796      25.01
    31378.217      25.00
    31396.783      25.02
    31366.663      25.49
    31357.876      26.22
    31374.356      26.27
    31353.952      26.28
    31395.005      24.98
    31359.837      25.49
    31384.551      25.72
    31369.235      26.01
    31374.465      26.24
    31394.735      25.02
    31358.452      26.04
    31354.517      26.37
    31349.100      25.35
    31355.576      26.46
    31377.878      25.06
    31353.855      26.27
    31381.848      25.27
    31380.824      25.12
    31373.598      26.41
    31373.544      26.42
    31384.596      25.73
    31344.602      25.05
    31351.904      25.86
    31382.113      25.31
    31344.755      25.02
    31366.493      25.46
    31394.617      25.04
    31366.975      25.54
    31381.908      25.28
    31358.384      26.06
    31375.861      25.75
    31391.069      26.25
    31351.299      25.73
    31364.331      25.14
    31358.573      25.99
    31366.281      25.43
    31353.627      26.23
    31390.627      26.35
    31367.929      25.72
    31393.312      25.43
    31395.186      24.96
    31349.161      25.36
    31391.341      26.18
    31365.168      25.27
    31387.863      26.37
    31397.276      25.09
    31378.459      24.97
    31363.667      25.05
    31375.715      25.81
    31371.334      26.39
    31354.458      26.36
    31376.222      25.60
    31365.036      25.25
    31353.155      26.14
    31363.394      25.01
    31352.483      25.99
    31381.000      25.15
    31386.794      26.20
    31354.917      26.42
    31374.269      26.29
    31354.377      26.35
    31365.258      25.28
    31354.203      26.32
    31372.349      26.47
    31348.103      25.21
    31370.366      26.24
    31348.664      25.29
    31353.015      26.11
