    30099.721      27.54
    30090.333      27.29
    30091.048      27.53
    30099.158      27.37
    30107.313      27.15
    30103.522      27.00
    30099.001      27.30
    30100.329      27.55
    30109.438      27.44
    30095.769      26.92
    30107.676      27.31
    30105.316      26.83
    30099.906      27.56
    30098.022      26.91
    30101.600      27.20
    30107.931      27.41
    30109.664      27.37
    30094.809      27.01
    30102.435      27.05
    30083.414      27.47
    30095.387      26.96
    30107.791      27.36
    30085.424      27.04
    30099.852      27.56
    30106.589      26.89
    30084.358      27.18
    30090.798      27.47
    30095.349      26.97
    30090.661      27.42
    30092.594      27.30
    30084.515      27.14
    30100.852      27.43
    30087.834      26.84
    30098.459      27.06
    30097.523      26.82
    30100.888      27.41
    30091.919      27.50
    30105.045      26.85
    30086.495      26.98
    30089.266      26.89
    30106.010      26.81
    30096.879      26.81
    30100.947      27.40
    30096.936      26.81
    30086.780      26.96
    30095.626      26.94
    30088.268      26.81
    30108.422      27.54
    30083.747      27.36
    30104.378      26.93
    30088.691      26.81
    30089.683      27.01
    30100.005      27.57
    30107.663      27.30
    30096.025      26.90
    30099.519      27.49
    30092.226      27.42
    30099.292      27.42
    30085.513      27.03
    30094.603      27.01
    30109.928      27.29
    30110.211      27.21
    30097.386      26.81
    30096.599      26.83
    30100.498      27.52
    30097.093      26.80
    30097.602      26.83
    30108.601      27.56
    30104.171      26.95
    30109.457      27.44
    30089.256      26.88
    30087.282      26.91
    30086.901      26.95
    30094.689      27.01
    30084.727      27.10
    30110.013      27.26
    30107.491      27.23
    30093.023      27.18
    30105.678      26.80
    30096.329      26.86
    30094.761      27.01
    30098.268      26.99
    30099.498      27.48
    30086.461      26.99
    30098.227      26.98
    30085.666      27.03
    30106.420      26.85
    30102.074      27.10
    30093.130      27.15
    30095.451      26.96
    30092.400      27.36
    30090.556      27.38
    30091.851      27.52
    30093.578      27.07
    30088.387      26.80
    30092.139      27.44
    30088.198      26.81
    30083.143      27.53
