    37661.335      24.86
    37657.087      24.56
    37649.230      23.34
    37631.256      23.51
    37652.434      23.68
    37617.013      24.58
    37618.886      24.85
    37673.856      23.91
    37652.706      23.72
    37615.860      24.36
    37612.589      23.74
    37614.074      24.01
    37647.276      23.51
    37661.063      24.88
    37660.085      24.90
    37637.834      24.71
    37643.581      24.43
    37648.506      23.36
    37612.636      23.74
    37618.708      24.83
    37671.369      23.50
    37630.247      23.40
    37611.544      23.57
    37653.376      23.84
    37648.834      23.35
    37613.724      23.94
    37619.625      24.90
    37660.031      24.90
    37650.345      23.40
    37628.683      23.35
    37622.004      24.74
    37646.110      23.75
    37638.718      24.82
    37660.252      24.91
    37626.118      23.72
    37641.362      24.84
    37666.011      23.80
    37648.935      23.35
    37661.715      24.81
    37630.912      23.47
    37672.728      23.71
    37624.478      24.16
    37646.989      23.56
    37622.197      24.71
    37621.684      24.79
    37638.942      24.85
    37656.309      24.41
    37644.966      24.06
    37631.872      23.60
    37632.830      23.76
    37652.490      23.68
    37617.411      24.65
    37643.795      24.38
    37635.891      24.35
    37620.659      24.89
    37613.902      23.98
    37620.268      24.90
    37633.250      23.84
    37635.185      24.21
    37664.187      24.30
    37613.350      23.87
    37632.344      23.68
    37658.883      24.83
    37619.527      24.89
    37630.479      23.42
    37662.921      24.61
    37609.946      23.38
    37621.224      24.85
    37634.469      24.07
    37643.175      24.53
    37629.678      23.36
    37632.093      23.64
    37610.447      23.42
    37647.475      23.47
    37613.960      23.99
    37637.261      24.61
    37632.782      23.75
    37638.636      24.82
    37614.852      24.16
    37644.164      24.28
    37664.289      24.27
    37668.718      23.36
    37639.789      24.90
    37615.617      24.31
    37623.161      24.51
    37611.291      23.53
    37651.588      23.54
    37670.613      23.41
    37650.702      23.43
    37629.969      23.37
    37635.375      24.24
    37615.789      24.35
    37642.793      24.61
    37642.946      24.58
    37665.518      23.93
    37614.759      24.14
    37651.493      23.53
    37657.658      24.66
    37637.901      24.72
    37652.650      23.71
    37617.306      24.64
    37636.920      24.55
    37671.515      23.52
    37669.964      23.36
    37636.914      24.55
    37632.791      23.75
    37639.932      24.90
    37629.518      23.35
    37628.509      23.36
    37652.709      23.72
    37639.832      24.90
    37650.304      23.39
    37666.462      23.69
    37659.488      24.88
    37656.341      24.42
    37672.824      23.72
    37646.654      23.63
    37638.254      24.77
    37629.963      23.37
    37659.895      24.90
