    87437.679      25.41
    87424.303      25.12
    87433.588      25.40
    87436.405      25.44
    87392.349      25.35
    87385.049      25.12
    87419.204      25.36
    87420.580      25.28
    87438.980      25.35
    87445.273      25.14
    87399.057      25.39
    87383.958      25.14
    87404.675      25.12
    87386.977      25.16
    87448.318      25.26
    87424.261      25.12
    87409.711      25.28
    87420.640      25.27
    87394.093      25.39
    87391.147      25.31
    87393.949      25.39
    87441.023      25.22
    87424.311      25.12
    87427.442      25.21
    87387.458      25.18
    87433.091      25.39
    87411.180      25.33
    87427.904      25.23
    87442.858      25.14
    87404.362      25.12
    87384.769      25.12
    87445.155      25.14
    87432.358      25.37
    87384.904      25.12
    87397.697      25.43
    87419.057      25.37
    87386.026      25.13
    87427.338      25.21
    87389.828      25.27
    87447.333      25.22
    87424.137      25.12
    87403.871      25.13
    87391.231      25.32
    87447.294      25.22
    87418.899      25.38
    87412.226      25.35
    87386.870      25.16
    87426.458      25.17
    87400.381      25.31
    87437.370      25.42
    87384.263      25.13
    87414.893      25.42
    87421.203      25.23
    87419.165      25.36
    87413.478      25.39
    87397.565      25.44
    87421.227      25.23
    87387.679      25.19
    87391.828      25.33
    87449.645      25.31
    87430.522      25.32
    87395.534      25.43
    87394.483      25.40
    87398.239      25.42
    87434.054      25.41
    87450.245      25.32
    87383.857      25.14
    87431.276      25.34
    87439.340      25.33
    87446.573      25.19
