    37374.362      27.10
    37365.360      26.97
    37365.708      27.03
    37372.152      27.78
    37375.861      26.94
    37395.892      27.10
    37378.795      27.66
    37365.935      27.07
    37393.101      27.89
    37390.110      27.78
    37381.596      27.97
    37386.614      26.94
    37385.180      27.08
    37385.195      27.08
    37388.982      27.51
    37393.288      27.86
    37389.282      27.59
    37396.020      27.06
    37393.518      27.82
    37389.674      27.69
    37386.815      26.96
    37381.686      27.96
    37365.457      26.98
    37390.647      27.87
    37370.343      27.97
    37379.374      27.78
    37386.601      26.94
    37388.769      27.44
    37377.048      27.16
    37370.494      27.97
    37382.585      27.85
    37387.758      27.15
    37388.338      27.32
    37381.071      27.97
    37390.590      27.86
    37369.024      27.86
    37396.778      26.94
    37381.362      27.97
    37392.028      27.97
    37392.058      27.97
    37372.622      27.66
    37386.239      26.93
    37379.460      27.80
    37393.650      27.79
    37397.669      26.97
    37388.264      27.29
    37390.068      27.77
    37388.673      27.42
    37397.557      26.96
    37391.158      27.93
    37371.799      27.86
    37369.691      27.94
    37376.004      26.96
    37376.328      27.00
    37384.143      27.41
    37373.886      27.24
    37381.345      27.97
    37369.802      27.95
    37397.354      26.94
    37382.667      27.84
    37372.681      27.64
    37375.298      26.94
    37392.843      27.93
    37388.597      27.39
    37387.194      27.02
    37374.226      27.13
    37396.635      26.96
    37395.394      27.24
    37372.829      27.59
    37392.612      27.95
    37378.985      27.70
    37384.469      27.30
    37389.077      27.53
    37367.247      27.44
    37388.230      27.28
    37381.847      27.95
    37372.729      27.62
    37379.932      27.88
    37383.471      27.63
    37391.247      27.94
    37372.121      27.79
    37389.766      27.71
    37368.424      27.75
    37394.078      27.67
    37379.817      27.86
    37367.004      27.37
    37391.427      27.95
    37382.905      27.78
