     1236.385      28.13
     1239.330      27.20
     1237.691      27.88
     1245.857      27.37
     1235.867      27.84
     1235.138      27.19
     1248.285      26.66
     1237.576      27.93
     1240.199      26.82
     1231.453      27.54
     1242.012      27.09
     1240.659      26.66
     1232.008      27.33
     1236.962      28.16
     1234.075      26.62
     1237.734      27.86
     1239.525      27.12
     1247.320      26.76
     1246.188      27.25
     1237.488      27.97
     1238.863      27.38
     1245.155      27.65
     1247.950      26.61
     1235.577      27.59
     1232.192      27.26
     1239.154      27.27
     1235.019      27.08
     1234.172      26.63
     1247.744      26.64
     1244.517      27.95
     1229.108      27.99
     1241.960      27.05
     1242.086      27.16
     1243.873      28.17
     1238.905      27.36
     1235.054      27.11
     1236.936      28.16
     1245.907      27.35
     1240.523      26.70
     1235.170      27.21
     1240.978      26.61
     1246.276      27.22
     1236.132      28.02
     1231.449      27.54
     1230.327      28.05
     1247.151      26.84
     1234.420      26.69
     1239.093      27.29
     1246.240      27.23
     1237.676      27.89
     1231.043      27.72
     1240.728      26.64
     1238.773      27.41
     1233.050      26.90
     1247.716      26.64
     1245.042      27.70
     1242.671      27.70
     1235.446      27.47
     1234.495      26.73
     1247.691      26.65
     1240.561      26.68
     1234.005      26.61
     1245.667      27.44
     1231.303      27.60
     1241.129      26.62
     1243.928      28.16
     1244.317      28.04
     1243.651      28.18
     1240.032      26.90
     1247.844      26.62
     1239.130      27.28
     1241.306      26.66
     1239.441      27.16
     1234.894      26.98
     1245.308      27.58
     1245.982      27.33
     1248.044      26.62
     1239.823      26.99
     1245.478      27.51
     1246.821      26.99
     1241.953      27.04
     1245.259      27.60
     1248.326      26.67
     1239.481      27.14
     1242.882      27.87
     1240.344      26.76
     1229.965      28.16
     1245.677      27.44
     1239.976      26.92
     1240.278      26.79
     1231.655      27.46
     1235.007      27.07
     1248.434      26.72
     1247.234      26.80
     1242.538      27.58
     1242.216      27.28
     1231.340      27.59
     1230.810      27.83
     1238.726      27.43
     1230.388      28.03
     1236.468      28.15
     1245.294      27.59
     1241.936      27.03
     1247.297      26.77
     1239.931      26.94
     1234.226      26.64
     1241.310      26.66
