    13578.746      25.91
    13608.633      25.23
    13640.904      26.13
    13586.568      25.24
    13586.435      25.22
    13605.582      25.11
    13595.573      26.14
    13575.558      26.12
    13632.273      25.51
    13595.623      26.14
    13606.416      25.06
    13629.732      25.10
    13617.132      26.14
    13587.767      25.47
    13628.374      25.07
    13568.856      26.05
    13631.129      25.28
    13618.060      26.13
    13643.422      26.08
    13564.154      25.20
    13629.205      25.07
    13587.374      25.39
    13579.467      25.80
    13570.566      26.15
    13593.337      26.16
    13585.825      25.14
    13634.768      25.98
    13570.069      26.14
    13613.642      26.09
    13568.356      25.99
    13629.089      25.06
    13571.675      26.16
    13563.957      25.17
    13598.049      26.11
    13571.443      26.16
    13611.431      25.78
    13588.467      25.62
    13602.809      25.58
    13578.982      25.88
    13590.207      25.94
    13615.081      26.15
    13618.683      26.13
    13633.682      25.80
    13598.121      26.11
    13598.738      26.09
    13627.649      25.12
    13582.344      25.25
    13590.114      25.93
    13602.522      25.63
    13638.717      26.15
    13623.226      25.89
    13629.269      25.07
    13635.443      26.06
    13606.829      25.06
    13576.093      26.11
    13643.491      26.07
    13571.339      26.16
    13595.067      26.14
    13612.169      25.91
    13587.722      25.46
    13635.501      26.06
    13612.444      25.96
    13605.288      25.14
    13606.150      25.07
    13593.625      26.16
    13613.899      26.11
    13618.534      26.13
    13626.680      25.25
    13643.969      26.04
    13581.411      25.42
    13579.813      25.74
    13604.255      25.30
    13606.299      25.06
    13605.095      25.17
    13606.276      25.06
    13601.956      25.74
    13570.732      26.15
    13639.894      26.14
    13598.795      26.09
    13628.794      25.06
    13573.314      26.14
    13586.679      25.26
    13566.382      25.64
    13639.712      26.14
    13596.022      26.13
    13616.672      26.15
    13626.188      25.34
    13616.686      26.15
    13566.763      25.71
    13603.709      25.40
    13597.980      26.11
