    37437.942      25.96
    37377.630      26.44
    37441.006      26.39
    37448.686      26.37
    37378.099      26.46
    37449.018      26.37
    37439.294      26.17
    37454.656      25.92
    37415.510      25.84
    37399.074      26.44
    37382.777      26.38
    37415.325      25.82
    37445.636      26.40
    37408.371      26.32
    37395.004      25.93
    37397.219      26.25
    37392.445      25.78
    37429.389      26.34
    37456.967      25.77
    37409.842      26.19
    37379.487      26.47
    37443.120      26.48
    37407.103      26.37
    37405.675      26.37
    37387.754      26.27
    37373.536      25.91
    37454.493      25.94
    37451.244      26.31
    37426.750      26.37
    37429.717      26.32
    37409.064      26.27
    37384.986      26.37
    37448.955      26.37
    37421.590      26.48
    37451.386      26.30
    37415.982      25.88
    37435.364      25.77
    37444.192      26.46
    37448.407      26.37
    37439.693      26.23
    37395.479      25.99
    37450.004      26.36
    37381.119      26.42
    37380.088      26.46
    37452.848      26.15
    37420.018      26.42
    37430.094      26.30
    37446.248      26.39
    37417.398      26.08
    37449.272      26.37
    37376.745      26.36
    37448.100      26.37
    37384.165      26.37
    37404.715      26.37
    37373.132      25.86
    37395.147      25.95
    37391.165      25.87
    37438.404      26.03
    37428.759      26.36
    37410.938      26.06
    37419.390      26.36
    37388.777      26.16
    37410.574      26.10
    37390.931      25.89
    37392.810      25.77
    37379.383      26.47
    37385.103      26.37
    37430.164      26.29
    37434.973      25.78
    37391.214      25.86
    37447.383      26.37
    37395.585      26.01
    37441.339      26.42
    37433.774      25.87
    37378.828      26.48
    37439.253      26.16
    37421.412      26.48
    37374.010      25.97
    37417.031      26.03
    37399.606      26.47
    37413.206      25.81
    37449.515      26.37
    37400.430      26.48
