    75241.985      26.37
    75240.155      26.17
    75267.133      25.42
    75273.575      26.51
    75254.328      25.99
    75248.422      25.90
    75233.029      25.99
    75229.505      26.65
    75250.370      25.35
    75246.281      26.57
    75265.108      25.41
    75239.834      26.12
    75253.678      25.84
    75221.947      25.47
    75263.212      26.03
    75222.080      25.50
    75252.469      25.52
    75234.339      25.53
    75250.908      25.31
    75270.508      26.18
    75252.635      25.56
    75253.996      25.92
    75269.436      25.99
    75231.937      26.38
    75224.718      26.13
    75269.137      25.92
    75271.664      26.31
    75235.981      25.32
    75262.983      26.12
    75232.628      26.14
    75228.134      26.51
    75270.859      26.23
    75267.274      25.44
    75221.060      25.33
    75233.111      25.96
    75236.412      25.35
    75261.155      26.61
    75222.649      25.64
    75239.464      26.05
    75262.256      26.37
    75232.845      26.06
    75243.289      26.51
    75270.758      26.21
    75230.558      26.65
    75241.260      26.30
    75253.520      25.80
    75262.184      26.39
    75253.260      25.73
    75256.940      26.35
    75241.559      26.33
    75272.661      26.41
    75247.878      26.10
    75268.104      25.64
    75266.323      25.32
    75272.729      26.41
    75255.654      26.22
    75227.618      26.45
    75245.328      26.66
    75250.605      25.32
    75229.455      26.65
    75265.098      25.41
    75272.842      26.43
    75265.206      25.39
    75245.872      26.63
    75262.711      26.22
    75248.705      25.79
    75234.048      25.62
    75240.097      26.17
    75226.349      26.32
    75249.509      25.52
    75251.398      25.33
    75271.047      26.25
    75232.603      26.15
    75263.471      25.93
    75270.123      26.12
    75256.239      26.29
    75269.690      26.04
    75243.459      26.53
    75260.764      26.65
    75236.913      25.43
    75237.452      25.55
    75266.062      25.31
    75264.563      25.55
    75271.988      26.34
    75265.505      25.35
    75266.474      25.33
    75234.387      25.51
    75225.953      26.29
    75236.017      25.32
    75250.585      25.32
    75246.828      26.45
    75246.102      26.60
    75260.928      26.64
    75241.963      26.37
    75237.076      25.47
    75232.275      26.27
    75257.755      26.43
    75228.823      26.59
    75264.049      25.72
    75261.065      26.63
    75267.741      25.55
    75270.084      26.11
    75245.264      26.67
    75267.663      25.53
    75243.751      26.57
    75230.236      26.66
    75221.961      25.47
    75257.961      26.46
