    83660.378      23.77
    83657.211      24.10
    83663.847      24.34
    83656.456      23.94
    83654.764      25.03
    83653.880      24.74
    83658.380      24.96
    83659.584      25.12
    83658.282      24.93
    83653.369      24.03
    83653.208      23.80
    83664.270      23.69
    83657.045      23.85
    83656.939      23.73
    83653.380      24.05
    83656.626      23.72
    83663.677      24.68
    83658.279      24.93
    83656.372      24.09
    83660.638      23.67
    83660.504      23.67
    83654.864      25.08
    83663.446      25.05
    83658.633      25.07
    83656.363      24.11
    83659.318      25.28
    83656.927      23.72
    83659.447      25.23
    83663.878      24.27
    83653.968      24.80
    83657.016      23.81
    83664.343      23.66
    83654.014      24.82
    83659.011      25.25
    83653.611      24.43
    83655.646      25.23
    83658.331      24.95
    83664.349      23.66
    83663.125      25.28
    83653.557      24.34
    83655.369      25.29
    83663.669      24.69
    83660.310      23.85
    83659.337      25.28
    83661.538      24.78
    83654.447      24.92
    83657.789      24.81
    83655.311      25.28
    83662.951      25.29
    83660.668      23.68
    83660.613      23.66
    83661.680      24.85
    83660.872      23.89
    83653.297      23.92
    83654.894      25.10
    83656.982      23.77
    83660.350      23.80
    83663.896      24.24
    83653.256      23.86
    83657.627      24.69
    83658.861      25.19
    83659.639      25.06
    83660.751      23.74
    83661.093      24.24
    83657.665      24.73
