    12384.006      25.49
    12376.950      25.56
    12405.286      25.60
    12411.958      24.68
    12402.152      25.76
    12368.608      24.63
    12366.306      24.77
    12363.089      25.29
    12389.039      24.73
    12387.100      25.03
    12362.460      25.38
    12382.549      25.63
    12352.964      25.35
    12390.930      24.62
    12377.148      25.59
    12403.946      25.71
    12401.817      25.76
    12363.501      25.23
    12418.670      25.15
    12385.783      25.25
    12369.615      24.67
    12387.802      24.91
    12370.839      24.79
    12386.155      25.19
    12414.042      24.65
    12347.647      24.71
    12366.439      24.75
    12413.362      24.62
    12418.910      25.18
    12375.821      25.41
    12413.770      24.63
    12351.214      25.12
    12367.620      24.64
    12405.932      25.54
    12396.645      25.20
    12407.190      25.40
    12417.856      25.05
    12396.484      25.18
    12373.158      25.07
    12365.514      24.89
    12378.738      25.73
    12405.570      25.58
    12351.607      25.17
    12408.765      25.16
    12383.053      25.58
    12366.798      24.71
    12365.188      24.94
    12370.961      24.80
    12364.406      25.08
    12388.057      24.87
    12397.305      25.28
    12409.786      24.99
    12355.995      25.71
    12378.055      25.68
    12381.563      25.70
    12409.052      25.11
    12415.914      24.81
    12345.093      24.65
    12351.159      25.12
    12352.160      25.24
    12403.077      25.75
    12397.058      25.25
    12364.188      25.11
    12396.794      25.22
    12350.681      25.06
    12367.968      24.63
    12354.256      25.53
    12352.075      25.23
    12391.511      24.64
    12415.507      24.77
    12354.559      25.57
    12350.787      25.07
    12384.483      25.43
    12348.795      24.83
    12348.499      24.80
    12401.231      25.74
    12362.794      25.33
    12375.310      25.34
    12419.068      25.20
    12387.218      25.01
    12384.536      25.42
    12353.966      25.49
    12375.386      25.35
    12366.843      24.70
    12383.318      25.56
    12392.652      24.73
    12350.239      25.01
    12348.404      24.79
    12392.335      24.70
    12400.079      25.64
    12351.925      25.21
    12365.098      24.96
    12394.990      24.99
    12384.545      25.42
    12413.641      24.63
    12400.326      25.67
