    43518.294      26.17
    43516.366      25.98
    43477.022      25.67
    43507.430      25.77
    43497.638      26.40
    43521.412      26.40
    43535.605      26.12
    43480.372      25.69
    43479.581      25.67
    43540.190      25.75
    43552.250      26.30
    43489.315      26.41
    43508.658      25.70
    43550.432      26.14
    43538.089      25.91
    43478.587      25.65
    43462.393      26.43
    43463.063      26.42
    43537.661      25.95
    43526.129      26.44
    43552.339      26.31
    43523.039      26.44
    43528.696      26.41
    43542.866      25.65
    43522.404      26.43
    43507.672      25.76
    43522.329      26.43
    43473.127      25.92
    43550.740      26.17
    43528.306      26.42
    43462.889      26.42
    43495.060      26.43
    43548.270      25.93
    43529.269      26.41
    43528.524      26.42
    43519.591      26.29
    43459.324      26.45
    43488.293      26.36
    43529.952      26.40
    43491.048      26.45
    43462.050      26.43
    43516.722      26.01
    43511.708      25.66
    43487.373      26.30
    43467.375      26.34
    43458.673      26.45
    43551.735      26.26
    43519.698      26.29
    43519.834      26.31
    43492.297      26.45
    43460.747      26.44
    43532.352      26.33
    43496.952      26.41
    43528.519      26.42
    43483.701      25.95
    43503.067      26.13
    43510.070      25.66
    43511.668      25.66
    43498.118      26.39
    43543.186      25.65
    43503.518      26.10
    43519.683      26.29
    43515.134      25.86
    43496.829      26.41
    43455.026      26.31
    43463.490      26.42
    43479.076      25.65
    43542.144      25.66
    43475.939      25.72
    43487.836      26.34
    43467.884      26.31
    43489.848      26.43
    43510.583      25.65
    43470.242      26.16
    43492.693      26.45
    43484.688      26.05
    43536.692      26.03
    43522.052      26.42
    43497.832      26.39
    43504.394      26.02
    43465.189      26.40
    43487.386      26.30
    43461.032      26.44
    43459.893      26.45
    43541.031      25.71
    43544.392      25.66
    43493.635      26.44
    43495.929      26.42
    43541.531      25.68
    43503.787      26.07
    43539.971      25.77
    43490.026      26.43
    43477.822      25.65
