    32360.353      25.47
    32336.368      26.14
    32396.749      26.12
    32405.071      25.27
    32381.500      24.76
    32417.385      25.60
    32333.588      25.75
    32363.817      26.07
    32385.881      24.96
    32348.766      25.26
    32358.057      25.02
    32334.268      25.88
    32354.513      24.72
    32396.249      26.16
    32337.287      26.20
    32382.859      24.72
    32382.303      24.73
    32341.550      26.03
    32337.712      26.21
    32348.249      25.33
    32336.383      26.14
    32336.519      26.15
    32368.825      26.11
    32353.815      24.74
    32368.602      26.12
    32390.646      25.88
    32383.170      24.72
    32380.577      24.83
    32403.036      25.52
    32371.062      25.91
    32361.767      25.75
    32352.610      24.81
    32392.231      26.10
    32344.203      25.77
    32399.523      25.88
    32393.292      26.18
    32402.622      25.56
    32404.973      25.29
    32363.568      26.04
    32398.226      26.00
    32358.284      25.06
    32335.089      26.00
    32405.752      25.19
    32376.902      25.27
    32382.594      24.72
    32371.816      25.83
    32364.736      26.16
    32367.284      26.19
    32371.157      25.90
    32353.814      24.74
    32363.896      26.08
    32350.389      25.06
    32333.462      25.73
    32404.462      25.35
    32384.252      24.77
    32335.709      26.08
    32392.888      26.15
    32333.945      25.82
    32349.879      25.12
    32361.206      25.64
    32359.622      25.32
    32408.002      24.91
    32384.155      24.77
    32407.899      24.92
    32413.986      24.95
    32408.349      24.87
    32382.682      24.72
    32399.862      25.85
    32337.696      26.21
    32401.419      25.69
    32354.952      24.72
    32375.058      25.49
    32368.017      26.16
    32396.704      26.13
    32338.928      26.20
    32399.922      25.84
    32343.609      25.83
    32346.751      25.51
    32401.043      25.73
    32398.529      25.98
    32387.850      25.32
    32403.408      25.47
    32379.956      24.90
    32408.841      24.83
    32396.343      26.15
    32405.337      25.24
