    54353.034      26.28
    54345.045      26.31
    54367.736      26.45
    54370.454      26.72
    54376.019      26.12
    54360.497      26.10
    54373.428      26.18
    54377.519      26.15
    54368.871      26.66
    54376.988      26.14
    54344.534      26.42
    54367.810      26.46
    54376.122      26.12
    54372.252      26.40
    54352.305      26.19
    54345.781      26.18
    54375.505      26.10
    54377.461      26.15
    54361.114      26.09
    54369.323      26.71
    54358.115      26.47
    54356.991      26.68
    54348.696      26.13
    54349.372      26.14
    54368.483      26.59
    54368.732      26.64
    54346.224      26.13
    54370.539      26.71
    54344.264      26.47
    54363.699      26.15
    54358.150      26.46
    54370.479      26.71
    54356.710      26.71
    54346.346      26.12
    54362.210      26.12
    54380.364      26.23
    54370.195      26.73
    54374.564      26.09
    54349.495      26.15
    54364.570      26.14
    54362.454      26.13
    54359.289      26.23
    54364.539      26.14
    54380.986      26.33
    54364.657      26.14
    54345.053      26.31
    54344.996      26.32
    54380.630      26.27
    54381.259      26.39
    54349.669      26.15
    54362.118      26.11
    54367.952      26.49
    54349.916      26.15
    54364.230      26.14
    54380.279      26.22
    54360.767      26.09
    54381.956      26.53
    54353.112      26.29
    54377.213      26.15
    54350.168      26.14
    54361.597      26.10
    54374.204      26.10
    54344.014      26.53
    54380.686      26.28
    54346.730      26.09
    54378.523      26.14
    54365.292      26.14
    54349.900      26.15
    54368.528      26.60
    54370.521      26.71
    54378.703      26.13
    54369.137      26.69
    54351.286      26.14
    54368.012      26.50
    54375.340      26.09
    54362.694      26.13
    54352.896      26.26
    54362.089      26.11
    54359.657      26.17
    54348.384      26.12
    54364.451      26.14
    54357.205      26.65
    54349.466      26.15
    54357.379      26.62
    54350.327      26.14
    54371.172      26.62
    54375.939      26.11
    54354.053      26.47
    54368.413      26.58
    54355.007      26.65
    54363.374      26.15
    54356.220      26.74
    54369.726      26.74
    54353.240      26.32
    54369.659      26.73
    54354.972      26.64
    54358.719      26.34
    54343.605      26.61
    54345.812      26.17
    54354.764      26.61
    54353.204      26.31
    54357.276      26.63
