     8369.519      24.90
     8358.455      25.01
     8371.956      26.05
     8341.315      25.81
     8362.723      26.06
     8353.133      25.73
     8351.379      26.05
     8346.110      24.80
     8361.822      26.19
     8372.824      26.20
     8346.256      24.81
     8371.139      25.69
     8357.257      24.80
     8379.292      24.90
     8375.706      25.77
     8363.825      25.85
     8353.807      25.61
     8348.638      25.82
     8344.136      25.18
     8371.966      26.05
     8370.591      25.38
     8357.336      24.80
     8342.359      25.62
     8371.663      25.94
     8355.032      25.31
     8367.149      25.10
     8346.477      24.84
     8353.356      25.69
     8354.928      25.34
     8354.180      25.53
     8346.930      24.96
     8364.842      25.67
     8346.380      24.82
     8351.885      25.96
     8348.499      25.75
     8339.207      26.17
     8362.845      26.04
     8365.044      25.63
     8370.301      25.23
     8352.924      25.77
     8366.087      25.40
     8369.760      24.98
     8359.761      25.69
     8367.756      24.94
     8375.223      25.85
     8356.472      24.92
     8364.676      25.70
     8359.805      25.71
     8337.678      26.00
     8372.977      26.20
     8361.146      26.18
     8362.529      26.09
     8344.266      25.14
     8352.360      25.87
     8339.613      26.12
     8337.690      26.01
     8371.087      25.66
     8371.095      25.66
     8347.873      25.41
     8347.424      25.17
     8365.565      25.53
     8347.930      25.44
     8362.028      26.17
     8339.155      26.18
     8375.498      25.80
     8344.997      24.94
     8372.519      26.17
     8360.678      26.08
     8376.987      25.52
     8352.740      25.80
     8341.108      25.85
     8345.080      24.92
     8360.473      26.01
     8375.936      25.73
     8372.948      26.20
     8368.834      24.80
     8373.752      26.12
