    72006.127      25.28
    72007.972      25.63
    72013.151      26.11
    72003.539      26.89
    72004.510      26.42
    72013.758      25.64
    72001.296      26.57
    72004.360      26.52
    72008.781      26.19
    72020.160      26.82
    72016.419      25.80
    72018.978      26.93
    72021.575      25.94
    72013.995      25.48
    72005.794      25.47
    72002.575      26.94
    72005.985      25.35
    72013.718      25.67
    72019.512      26.96
    72013.151      26.11
    72004.192      26.62
    72021.965      25.65
    72020.662      26.59
    72021.705      25.84
    72018.832      26.91
    72001.827      26.76
    72003.974      26.73
    72007.148      25.18
    72012.997      26.23
    72019.213      26.96
    72019.537      26.96
    72003.751      26.82
    72005.140      25.96
    72005.579      25.62
    72006.715      25.12
    72006.242      25.23
    72021.626      25.90
    72018.923      26.93
    72007.690      25.44
    72017.257      26.34
    72001.818      26.76
    72006.518      25.14
    72001.372      26.60
    72023.615      25.19
    72011.624      26.92
    72018.456      26.82
    72022.031      25.60
    72020.042      26.86
    72006.228      25.23
    72017.828      26.61
    72016.943      26.15
    72009.176      26.41
    72019.902      26.90
    72023.087      25.12
    72012.469      26.58
    72001.561      26.67
    72023.645      25.21
    72013.143      26.12
    72019.156      26.95
    72015.652      25.30
    72020.094      26.85
    72022.269      25.44
    72008.004      25.65
    72006.631      25.13
    72019.795      26.92
    72021.464      26.03
    72005.377      25.77
    72008.770      26.18
    72017.475      26.46
    72013.366      25.94
    72021.818      25.76
    72016.797      26.06
    72015.770      25.36
    72008.519      26.01
    72004.602      26.36
    72009.622      26.61
    72001.498      26.65
    72001.651      26.70
    72003.820      26.79
    72021.516      25.99
    72016.841      26.09
    72019.125      26.95
    72006.289      25.21
    72023.479      25.16
    72016.981      26.18
    72000.306      26.01
