     8399.062      26.86
     8379.774      27.71
     8391.783      26.26
     8391.198      26.53
     8398.544      27.14
     8385.087      26.70
     8386.507      27.65
     8389.227      27.48
     8398.615      27.11
     8393.515      26.71
     8394.451      27.40
     8395.424      27.78
     8386.646      27.70
     8377.273      27.16
     8395.406      27.78
     8397.158      27.60
     8380.318      27.60
     8384.353      26.27
     8399.477      26.61
     8389.378      27.44
     8382.157      26.90
     8379.394      27.78
     8378.877      27.81
     8397.343      27.56
     8379.534      27.76
     8380.075      27.66
     8381.601      27.19
     8385.689      27.16
     8390.130      27.14
     8388.924      27.56
     8395.018      27.68
     8394.833      27.61
     8393.738      26.87
     8393.311      26.56
     8391.342      26.46
     8381.832      27.08
     8377.727      27.47
     8388.183      27.72
     8395.834      27.81
     8379.525      27.76
     8382.513      26.69
     8398.800      27.01
     8395.863      27.81
     8382.859      26.49
     8387.889      27.77
     8389.799      27.29
     8386.377      27.59
     8394.360      27.34
     8381.224      27.35
     8378.861      27.81
     8392.637      26.23
     8378.665      27.79
     8380.201      27.63
     8391.246      26.51
     8379.279      27.79
     8398.923      26.94
     8387.345      27.81
     8391.591      26.34
     8386.717      27.72
     8389.459      27.41
     8390.026      27.19
     8397.577      27.50
     8394.746      27.56
     8383.109      26.36
     8383.193      26.33
     8388.997      27.54
     8390.733      26.81
     8397.558      27.50
     8392.105      26.19
     8398.688      27.07
     8392.362      26.18
     8389.862      27.26
     8381.399      27.28
     8398.865      26.97
     8379.424      27.77
     8392.859      26.31
     8391.490      26.38
     8392.052      26.20
     8384.758      26.48
     8378.763      27.80
     8379.436      27.77
     8388.356      27.68
     8380.577      27.54
     8395.569      27.80
     8378.076      27.64
     8382.722      26.56
     8392.142      26.19
     8385.179      26.77
