   0.0000000000000000        0.0000000000000000                            NaN                       NaN   0.0000000000000000                            NaN
   0.0000000000000000        0.0000000000000000        3.1001867739632871E-012   4.1662946611079055E-006   0.0000000000000000        1.0415736652773829E-008
   1.1102230246251565E-016   0.0000000000000000        9.6406539529247937E-008   1.1163763121713188E-006   0.0000000000000000        1.1163763121726199E-008
   1.1102230246251565E-016   6.9388939039072284E-018   1.3727275727237753E-007   4.6739157295860867E-007   2.1684043449710089E-019   1.0516310391516653E-008
   1.1102230246251565E-016   0.0000000000000000        1.5810453912745714E-007   2.4057759832885051E-007   0.0000000000000000        9.6231039335009649E-009
   0.0000000000000000        0.0000000000000000        1.7048187594959074E-007   1.3628785038022340E-007   0.0000000000000000        8.5179906487639623E-009
   0.0000000000000000        1.3877787807814457E-017   1.7847073197074792E-007   7.9712921555175065E-008   0.0000000000000000        7.1741629390636996E-009
   0.0000000000000000        1.3877787807814457E-017   1.8384952904515472E-007   4.5335592904760524E-008   1.7347234759768071E-018   5.5536101307984698E-009
   0.0000000000000000        0.0000000000000000        1.8751908315017829E-007   2.2596116505679831E-008   0.0000000000000000        3.6153786388271048E-009
   0.0000000000000000        0.0000000000000000        1.8998515227686141E-007   6.5095050183483494E-009   0.0000000000000000        1.3181747672563748E-009
   0.0000000000000000        0.0000000000000000        1.9155427588568585E-007   5.5138191512593693E-009   0.0000000000000000        1.3784547878148423E-009
   0.0000000000000000        0.0000000000000000        1.9242367810257122E-007   1.4920473245805255E-008   0.0000000000000000        4.5134431539417541E-009
   1.1102230246251565E-016   0.0000000000000000        1.9272655604751776E-007   2.2565942503494085E-008   0.0000000000000000        8.1237393062538743E-009
   0.0000000000000000        2.7755575615628914E-017   1.9255661298789306E-007   2.8979771610204708E-008   1.3877787807814457E-017   1.2243953503854321E-008
   0.0000000000000000        5.5511151231257827E-017   1.9198214740168140E-007   3.4502177892470343E-008   2.7755575615628914E-017   1.6906067157318461E-008
   0.0000000000000000        8.3266726846886741E-017   1.9105453918921711E-007   3.9358546644052694E-008   5.5511151231257827E-017   2.2139182487279641E-008
   0.0000000000000000        5.5511151231257827E-017   1.8981357330360993E-007   4.3702038737825077E-008   2.7755575615628914E-017   2.7969304788877380E-008
   0.0000000000000000        5.5511151231257827E-017   1.8829089143412858E-007   4.7638959499440858E-008   2.7755575615628914E-017   3.4419148253750365E-008
   1.1102230246251565E-016   1.1102230246251565E-016   1.8651229849453443E-007   5.1244400334216067E-008   8.3266726846886741E-017   4.1507964260167896E-008
   1.1102230246251565E-016   1.1102230246251565E-016   1.8449934191533401E-007   5.4572177721201598E-008   1.1102230246251565E-016   4.9251390410454121E-008
   1.1102230246251565E-016   1.1102230246251565E-016   1.8227041576057701E-007   5.7661318053625621E-008   1.1102230246251565E-016   5.7661318053625621E-008
   1.1102230246251565E-016   1.1102230246251565E-016   1.7984154987438217E-007   6.0540390700580815E-008   1.1102230246251565E-016   6.6745780735733007E-008
   1.1102230246251565E-016   1.1102230246251565E-016   1.7722698009148274E-007   6.3230462532537501E-008   1.6653345369377348E-016   7.6508859636614801E-008
   1.1102230246251565E-016   1.6653345369377348E-016   1.7443956912277514E-007   6.5747153776829492E-008   2.2204460492503131E-016   8.6950610878044898E-008
   2.2204460492503131E-016   1.6653345369377348E-016   1.7149111886105572E-007   6.8102090300392604E-008   3.3306690738754696E-016   9.8067010012581335E-008
   2.2204460492503131E-016   1.6653345369377348E-016   1.6839260463807904E-007   7.0303946664296291E-008   2.2204460492503131E-016   1.0984991671847411E-007
   2.2204460492503131E-016   2.2204460492503131E-016   1.6515435452557625E-007   7.2359206459982062E-008   3.3306690738754696E-016   1.2228705892347591E-007
   2.2204460492503131E-016   2.2204460492503131E-016   1.6178618389428578E-007   7.4272722971890914E-008   4.4408920985006262E-016   1.3536203768982347E-007
   2.2204460492503131E-016   2.2204460492503131E-016   1.5829749988593989E-007   7.6048137065409804E-008   4.4408920985006262E-016   1.4905434864154188E-007
   2.2204460492503131E-016   2.7755575615628914E-016   1.5469738134932243E-007   7.7688193655944815E-008   6.6613381477509392E-016   1.6333942709501059E-007
   3.3306690738754696E-016   2.7755575615628914E-016   1.5099463979151295E-007   7.9194981683627930E-008   6.6613381477509392E-016   1.7818870878816284E-007
   4.4408920985006262E-016   3.3306690738754696E-016   1.4719786611827601E-007   8.0570119409539842E-008   8.8817841970012523E-016   1.9356971181494487E-007
   4.4408920985006262E-016   2.2204460492503131E-016   1.4331546571710874E-007   8.1814897523457830E-008   4.4408920985006262E-016   2.0944613776663346E-007
   4.4408920985006262E-016   2.2204460492503131E-016   1.3935568576872726E-007   8.2930390832292034E-008   4.4408920985006262E-016   2.2577798897138734E-007
   4.4408920985006262E-016   2.2204460492503131E-016   1.3532663367676889E-007   8.3917546300771306E-008   6.6613381477509392E-016   2.4252170871541523E-007
   4.9960036108132044E-016   1.1102230246251565E-016   1.3123629138966919E-007   8.4777251552203836E-008   2.2204460492503131E-016   2.5963033278841863E-007
   4.9960036108132044E-016   1.1102230246251565E-016   1.2709252439346841E-007   8.5510390046561469E-008   4.4408920985006262E-016   2.7705366378860674E-007
   5.5511151231257827E-016   1.1102230246251565E-016   1.2290308704088204E-007   8.6117884268155365E-008   4.4408920985006262E-016   2.9473845897243223E-007
   5.5511151231257827E-016   0.0000000000000000        1.1867562543788068E-007   8.6600729809482857E-008   0.0000000000000000        3.1262863475767233E-007
   6.1062266354383610E-016   0.0000000000000000        1.1441767744369002E-007   8.6960022349646948E-008   0.0000000000000000        3.3066548499327553E-007
   4.4408920985006262E-016   1.1102230246251565E-016   1.1013667083892287E-007   8.7196979248194140E-008   4.4408920985006262E-016   3.4878791699277656E-007
   3.3306690738754696E-016   1.1102230246251565E-016   1.0583991982837659E-007   8.7312955421303684E-008   4.4408920985006262E-016   3.6693269511722804E-007
   2.2204460492503131E-016   1.1102230246251565E-016   1.0153462065565222E-007   8.7309456664463880E-008   4.4408920985006262E-016   3.8503470389805727E-007
   8.3266726846886741E-017   1.1102230246251565E-016   9.7227845829994664E-008   8.7188147923633608E-008   4.4408920985006262E-016   4.0302721382445839E-007
   2.7755575615628914E-017   1.1102230246251565E-016   9.2926537909043816E-008   8.6950860900270044E-008   4.4408920985006262E-016   4.2084216689275422E-007
   1.9428902930940239E-016   2.2204460492503131E-016   8.8637502282384872E-008   8.6599597659553496E-008   1.3322676295501878E-015   4.3841046304393672E-007
   3.4694469519536142E-016   2.2204460492503131E-016   8.4367399844076374E-008   8.6136533017366901E-008   1.7763568394002505E-015   4.5566225992388354E-007
   4.9960036108132044E-016   2.2204460492503131E-016   8.0122739498644791E-008   8.5564015595007703E-008   8.8817841970012523E-016   4.7252727641833303E-007
   2.0033794402201870E-002   8.3043133219080634E-003   1.0552847816398592E-002   1.8686982158623855E-003   4.8831046168645642E-002   1.0988324418505613E-002
   2.0382871662231374E-002   8.3623530964059833E-003   1.0582423059913637E-002   1.8430623245877520E-003   4.9172331841426775E-002   1.0837580186372708E-002
   8.4471365767238571E-006   3.3447163310096339E-004   8.6633459589757766E-006   3.4521698330514106E-006   2.0904477068812710E-003   2.1576061456585194E-005
   2.4842804222921511E-005   3.2148369219842099E-004   8.4835868209010012E-006   3.7375044672494084E-006   2.0904477085199602E-003   2.4303122798219334E-005
   4.0607869326581003E-005   3.0923782692382495E-004   8.2899989027329646E-006   4.0055255656201716E-006   2.0904477100049945E-003   2.7077352823479117E-005
   5.5778026364750044E-005   2.9767856338247523E-004   8.0834413073993527E-006   4.2565221319845747E-006   2.0904477113541375E-003   2.9891426672090660E-005
   7.0386325780047443E-005   2.8675551612888928E-004   7.8647592101355190E-006   4.4907616386646865E-006   2.0904477125798238E-003   3.2737652345460333E-005
   8.4463414347146770E-005   2.7642283817475022E-004   7.6347848139424190E-006   4.7084947645825714E-006   2.0904477136971522E-003   3.5607991657027327E-005
   9.8037749786061834E-005   2.6663873912191605E-004   7.3943380834579076E-006   4.9099595277879438E-006   2.0904477147158929E-003   3.8494082697848597E-005
   1.1113579278404506E-004   2.5736506194495856E-004   7.1442272858851519E-006   5.0953848916290845E-006   2.0904477156475920E-003   4.1387263782333150E-005
   1.2378217915409717E-004   2.4856691040442414E-004   6.8852493630422451E-006   5.2649939100701815E-006   2.0904477165011315E-003   4.4278598783531464E-005
   1.3599987448476014E-004   2.4021232028537121E-004   6.6181901567513579E-006   5.4190064699422003E-006   2.0904477172827285E-003   4.7158903804689345E-005
   1.4781031332566918E-004   2.3227196866681954E-004   6.3438245059416198E-006   5.5576416769786974E-006   2.0904477180003767E-003   5.0018775092919299E-005
   1.5923352468250052E-004   2.2471891627651175E-004   6.0629162326950037E-006   5.6811199271589174E-006   2.0904477186629578E-003   5.2848618122602886E-005
   1.7028824536735598E-004   2.1752837869626340E-004   6.6953029989285677E-003   4.0955864084589177E-003   2.0904477192722482E-003   3.9884567916661062E-002
   1.8099202255328350E-004   2.1067752278480789E-004   9.3864893461218409E-003   5.9311738845859163E-003   2.0904477198318006E-003   5.7760301980117834E-002
   1.9136130671570939E-004   2.0414528519041575E-004   2.8997442587212763E-006   9.6028246190649202E-005   2.0904477203504968E-003   9.8332924099198138E-004
   2.0141153599284589E-004   1.9791221025600159E-004   1.8292316864843006E-006   9.3120566426296847E-005   2.0904477208301131E-003   9.8358598287795473E-004
   2.1115721287845446E-004   1.9196030498358496E-004   6.4103444423757594E-006   9.0115199297968740E-005   2.0904477212724260E-003   9.8135452035519322E-004
   2.2061197404577015E-004   1.8627290903827642E-004   1.0838866362619659E-005   8.7018439545061277E-005   2.0904477216809880E-003   9.7656443779436941E-004
   2.2978865401113158E-004   1.8083457803319547E-004   1.5110386986025293E-005   8.3836676576687363E-005   2.0904477220646811E-003   9.6915198122671242E-004
   2.3869934326059550E-004   1.7563097856898580E-004   1.9220817501969245E-005   8.0576383703401255E-005   2.0904477224163998E-003   9.5906040702997686E-004
   2.4735544139575794E-004   1.7064879369343977E-004   2.3166394670301460E-005   7.7244107097751424E-005   2.0904477227450258E-003   9.4624031194756597E-004
   2.5576770578727981E-004   1.6587563761549795E-004   2.6943684183294847E-005   7.3846454524378879E-005   2.0904477230487828E-003   9.3064994314362437E-004
   2.6394629617332299E-004   1.6129997865221846E-004   3.0549583459132945E-005   7.0390083878602017E-005   2.0904477233329999E-003   9.1225548706663773E-004
   2.7190081559558266E-004   1.5691106951387646E-004   3.3981323858206514E-005   6.6881691568404511E-005   2.0904477235994534E-003   8.9103133591983408E-004
   2.7964034801075677E-004   1.5269888413782517E-004   3.7236472315294034E-005   6.3328000776546878E-005   2.0904477238481434E-003   8.6696033063082822E-004
   2.8717349289930638E-004   1.4865406037900541E-004   4.0312932382602362E-005   5.9735749636247171E-005   2.0904477240790698E-003   8.4003397925958012E-004
   2.9450839713685006E-004   1.4476784794292819E-004   4.3208944679906658E-005   5.6111679353348931E-005   2.0904477242957853E-003   8.1025264986234191E-004
   3.0165278438487597E-004   1.4103206102200616E-004   4.5923086750221387E-005   5.2462522307200610E-005   2.0904477244982900E-003   7.7762573689854619E-004
   3.0861398221948555E-004   1.3743903515384126E-004   4.8454272320308522E-005   4.8794990160944129E-005   2.0904477246901365E-003   7.4217180034796826E-004
   3.1539894720045147E-004   1.3398158787802927E-004   5.0801749968021337E-005   4.5115762011410654E-005   2.0904477248677722E-003   7.0391867678321063E-004
   3.2201428805977983E-004   1.3065298281467186E-004   5.2965101198260145E-005   4.1431472607933451E-005   2.0904477250347497E-003   6.6290356172693521E-004
   3.2846628717209114E-004   1.2744689682619992E-004   5.4944237931980888E-005   3.7748700667902813E-005   2.0904477251910691E-003   6.1917306270520278E-004
   3.3476092045447992E-004   1.2435738996652290E-004   5.6739399414695857E-005   3.4073957317345971E-005   2.0904477253367304E-003   5.7278322250464697E-004
   3.4090387582863535E-004   1.2137887794883007E-004   5.8351148549712351E-005   3.0413674682455705E-005   2.0904477254752862E-003   5.2379951221848131E-004
   3.4690057036268485E-004   1.1850610689356778E-004   5.9780367665768219E-005   2.6774194658532591E-005   2.0904477256031839E-003   4.7229679377647216E-004
   3.5275616620333849E-004   1.1573413014387413E-004   6.1028253728029336E-005   2.3161757880904577E-005   2.0904477257239762E-003   4.1835925172373223E-004
   3.5847558539803259E-004   1.1305828695729048E-004   6.2096313002746317E-005   1.9582492922394501E-005   2.0904477258376630E-003   3.6208029413509202E-004
   3.6406352369366957E-004   1.1047418290122124E-004   6.2986355188449084E-005   1.6042405740414323E-005   2.0904477259477972E-003   3.0356242262297162E-004
   3.6952446339277856E-004   1.0797767180004136E-004   6.3700487025503127E-005   1.2547369396369301E-005   2.0904477260508258E-003   2.4291707151374853E-004
   3.7486268534703271E-004   1.0556483909329728E-004   6.4241105399542864E-005   9.1031140689451506E-006   2.0904477261467491E-003   1.8026441635027313E-004
   3.8008228014829726E-004   1.0323198648087839E-004   6.4610889952854134E-005   5.7152173820352193E-006   2.0904477262355670E-003   1.1573315198621162E-004
   3.8518715858115726E-004   1.0097561774302655E-004   6.4812795220497987E-005   2.3890950669805400E-006   2.0904477263243848E-003   4.9460240624132901E-005
   3.9018106139687703E-004   9.8792425633487113E-005   6.4850042308300937E-005   8.7000802162506830E-007   2.0904477264096499E-003   1.8409369737570902E-005
   3.9506756845408830E-004   9.6679279754097180E-005   6.4726110130891579E-005   4.0570265189693311E-006   2.0904477264878096E-003   8.7723055906430147E-005
   3.9985010727683346E-004   9.4633215326211939E-005   6.4444726228518601E-005   7.1670827746644905E-006   2.0904477265588639E-003   1.5832085849243338E-004
   4.0453196107304024E-004   9.2651422786804716E-005   6.4009857182856233E-005   1.0195494673140293E-005   2.0904477266228128E-003   2.3003584856273740E-004
   4.0911627624895530E-004   9.0731238137742309E-005   6.3425698651892182E-005   1.3137783034626593E-005   2.0904477266938670E-003   3.0269452111775230E-004
   4.1360606946261314E-004   8.8870133988949718E-005   6.2696665045963718E-005   1.5989678582933875E-005   2.0904477267507104E-003   3.7611721446695334E-004
   4.1800423424476207E-004   8.7065711237510612E-005   6.1827378866008420E-005   1.8747128466806151E-005   2.0904477268075539E-003   4.5011855448806593E-004
   4.2231354721344871E-004   8.5315691332299437E-005   6.0822659727483019E-005   2.1406302323265236E-005   2.0904477268715027E-003   5.2450792267588753E-004
   4.2653667392311689E-004   8.3617909076849628E-005   5.9687513092654410E-005   2.3963597871906606E-005   2.0904477269212407E-003   5.9908994679780392E-004
   4.3067617436154393E-004   8.1970305929601750E-005   5.8427118734993844E-005   2.6415646030258921E-005   2.0904477269709787E-003   6.7366501288690372E-004
   4.3473450812525627E-004   8.0370923760675339E-005   5.7046818960265755E-005   2.8759315542040143E-005   2.0904477270136113E-003   7.4802979724841734E-004
   4.3871403929252040E-004   7.8817899031413674E-005   5.5552106608180996E-005   3.0991717110046002E-005   2.0904477270633492E-003   8.2197781705106721E-004
   4.4261704101478117E-004   7.7309457363394785E-005   5.3948612860066358E-005   3.3110207027786664E-005   2.0904477271059818E-003   8.9529999803117377E-004
   4.4644569984697569E-004   7.5843908467820853E-005   5.2242094877780199E-005   3.5112390304209429E-005   2.0904477271486144E-003   9.6778525775942370E-004
   4.5020211983404224E-004   7.4419641409084747E-005   5.0438423298743151E-005   3.6996123277149850E-005   2.0904477271841415E-003   1.0392211028551479E-003
   4.5388832636383825E-004   7.3035120175424240E-005   4.8543569613646032E-005   3.8759515712832870E-005   2.0904477272267741E-003   1.1093942384907685E-003
   4.5750626980956000E-004   7.1688879535569683E-005   4.6563593451537377E-005   4.0400932388828803E-005   2.0904477272551958E-003   1.1780911884589074E-003
   4.6105782897232217E-004   7.0379521161179071E-005   4.4504629799435591E-005   4.1918994160006218E-005   2.0904477272836175E-003   1.2450989240377908E-003
   4.6454481433233497E-004   6.9105709994188302E-005   4.2372876180779562E-005   4.3312578507287425E-005   2.0904477273262501E-003   1.3102054998448409E-003
   4.6796897112777458E-004   6.7866170841757167E-005   4.0174579819834966E-005   4.4580819570844143E-005   2.0904477273546718E-003   1.3732006948314890E-003
   4.7133198226578799E-004   6.6659685184378148E-005   3.7916024817424843E-005   4.5723107670092578E-005   2.0904477273830935E-003   1.4338766565336059E-003
   4.7463547108339554E-004   6.5485088179384476E-005   3.5603519362964464E-005   4.6739088313263455E-005   2.0904477274044098E-003   1.4920285466804017E-003
   4.7788100395784738E-004   6.4341265848977258E-005   3.3243383009168292E-005   4.7628660702236925E-005   2.0904477274328315E-003   1.5474551862162400E-003
   4.8107009278197665E-004   6.3227152437228540E-005   3.0841934033715157E-005   4.8391975737305248E-005   2.0904477274541478E-003   1.5999596978151231E-003
   4.8420419731609599E-004   6.2141727927400581E-005   2.8405476913379024E-005   4.9029433528663402E-005   2.0904477274825695E-003   1.6493501439045488E-003
   4.8728472741377260E-004   6.1084015706036610E-005   2.5940289934550664E-005   4.9541680422343637E-005   2.0904477274967803E-003   1.6954401582536249E-003
   4.9031304513658114E-004   6.0053080365385370E-005   2.3452612964561248E-005   4.9929605549559053E-005   2.0904477275109912E-003   1.7380495691803333E-003
   4.9329046676405142E-004   5.9048025634833579E-005   2.0948635407282146E-005   5.0194336907977144E-005   2.0904477275394129E-003   1.7770050123848691E-003
   4.9621826469792296E-004   5.8067992432020432E-005   1.8434484366239290E-005   5.0337236987135769E-005   2.0904477275536237E-003   1.8121405315367767E-003
   4.9909766927758170E-004   5.7112157026750765E-005   1.5916213037557581E-005   5.0359897947133136E-005   2.0904477275678346E-003   1.8432981646103741E-003
   5.0192987050312610E-004   5.6179729309047133E-005   1.3399789355030001E-005   5.0264136365496537E-005   2.0904477275962563E-003   1.8703285141601356E-003
   5.0471601967672086E-004   5.5269951156233788E-005   1.0891084908353638E-005   5.0051987563387579E-005   2.0904477275962563E-003   1.8930912996166782E-003
   5.0745723096046191E-004   5.4382094891280985E-005   8.3958641553336794E-006   4.9725699526353973E-005   2.0904477276246780E-003   1.9114558897932454E-003
   5.1015458286318704E-004   5.3515461827302602E-005   5.9197739479821543E-006   4.9287726433644430E-005   2.0904477276246780E-003   1.9253018138138955E-003
   5.1280911965800868E-004   5.2669380893100026E-005   3.4683333916167916E-006   4.8740721812295940E-005   2.0904477276530997E-003   1.9345192487296714E-003
   5.1542185272257512E-004   5.1843207332424868E-005   1.0469240553714898E-006   4.8087531331952871E-005   2.0904477276530997E-003   1.9390094821325476E-003
   5.1799376183314649E-004   5.1036321476516378E-005   1.3392194483409503E-006   4.7331185257321051E-005   2.0904477276815214E-003   1.9386853481400124E-003
   5.2052579638406371E-004   5.0248127581031810E-005   3.6850184987509416E-006   4.6474890576297945E-005   2.0904477276815214E-003   1.9334716352004122E-003
   5.2301887655747947E-004   4.9478052726481536E-005   5.9855591002522246E-006   4.5522022821181674E-005   2.0904477276957323E-003   1.9233054641949465E-003
   5.2547389443802217E-004   4.8725545777283941E-005   8.2361000996594713E-006   4.4476117602859633E-005   2.0904477277099431E-003   1.9081366354560814E-003
   5.2789171507860999E-004   4.7990076394111014E-005   1.0432080973329927E-005   4.3340861876045578E-005   2.0904477277241540E-003   1.8879279433203777E-003
   5.3027317751386249E-004   4.7271134099968748E-005   1.2569129171170756E-005   4.2120084956492887E-005   2.0904477277383648E-003   1.8626554569882714E-003
   5.3261909573354416E-004   4.6568227394683248E-005   1.4643067005624955E-005   4.0817749309279838E-005   2.0904477277525757E-003   1.8323087664935400E-003
   5.3493025961071083E-004   4.5880882913795773E-005   1.6649918074831960E-005   3.9437941129982779E-005   2.0904477277667866E-003   1.7968911927344067E-003
   5.3720743578189456E-004   4.5208644631866690E-005   1.8585913209884231E-005   3.7984860738304871E-005   2.0904477277809974E-003   1.7564199605395459E-003
   5.3945136850597208E-004   4.4551073105303374E-005   2.0447495937575555E-005   3.6462812806531408E-005   2.0904477277809974E-003   1.7109263339145642E-003
   5.4166278046618999E-004   4.3907744755156131E-005   2.2231327450702998E-005   3.4876196443545115E-005   2.0904477277952083E-003   1.6604557126767006E-003
   5.4384237354909715E-004   4.3278251183664906E-005   2.3934291079580339E-005   3.3229495156550382E-005   2.0904477277952083E-003   1.6050676897991778E-003
   5.4599082958795009E-004   4.2662198526777217E-005   2.5553496258642894E-005   3.1527266711781077E-005   2.0904477278094191E-003   1.5448360688772311E-003
   5.4810881107325571E-004   4.2059206836864149E-005   2.7086281984167737E-005   2.9774132916882134E-005   2.0904477278094191E-003   1.4798488413010347E-003
   5.5019696183311595E-004   4.1468909498298956E-005   2.8530219759556608E-005   2.7974769345934236E-005   2.0904477278094191E-003   1.4102081227287400E-003
   5.5225590768781530E-004   4.0890952668792835E-005   2.9883116025739009E-005   2.6133895030117094E-005   2.0904477278094191E-003   1.3360300486775500E-003
   5.5428625707243384E-004   4.0324994749596499E-005   3.1143014075696307E-005   2.4256262135244344E-005   2.0904477278236300E-003   1.2574446290911645E-003
   5.5628860163725591E-004   3.9770705880126656E-005   3.2308195452912525E-005   2.2346645648277375E-005   2.0904477278236300E-003   1.1745955618875925E-003
   5.5826351682597419E-004   3.9227767457905571E-005   3.3377180834737175E-005   2.0409833094772734E-005   2.0904477278236300E-003   1.0876400056205604E-003
   5.6021156241925496E-004   3.8695871680261007E-005   3.4348730402852801E-005   1.8450614308225533E-005   2.0904477278520517E-003   9.9674831146590037E-004
   5.6213328307208599E-004   3.8174721107786524E-005   3.5221843703872602E-005   1.6473771273277371E-005   2.0904477278804734E-003   9.0210371492460695E-004
   5.6402920881737373E-004   3.7664028248673986E-005   3.5995759004286976E-005   1.4484068063445876E-005   2.0904477278804734E-003   8.0390198769153542E-004
   5.6589985555355327E-004   3.7163515162141891E-005   3.6669952145046425E-005   1.2486240894310496E-005   2.0904477278804734E-003   7.0235105030502787E-004
   5.6774572551177016E-004   3.6672913080515457E-005   3.7244134902109094E-005   1.0484988312253057E-005   2.0904477278804734E-003   5.9767054626913563E-004
   5.6956730770529873E-004   3.6191962047738002E-005   3.7718252860197143E-005   8.4849615392436351E-006   2.0904477278804734E-003   4.9009137850675177E-004
   5.7136507836652584E-004   3.5720410575201811E-005   3.8092482807866590E-005   6.4907549926877806E-006   2.0904477278804734E-003   3.7985520905958747E-004
   5.7313950135728930E-004   3.5258015312678026E-005   3.8367229663466285E-005   4.5068969997540294E-006   2.0904477278804734E-003   2.6721392311543357E-004
   5.7489102856855823E-004   3.4804540734789668E-005   3.8543122942213959E-005   2.5378407245511131E-006   2.0904477278804734E-003   1.5242905851833854E-004
   5.7662010030234967E-004   3.4359758840807331E-005   3.8621012774686658E-005   5.8795532627275993E-007   2.0904477278804734E-003   3.5771202050449702E-005
   5.7832714564476362E-004   3.3923448868211636E-005   3.8601965489937218E-005   1.3384826344463308E-006   2.0904477278804734E-003   8.2480646141136482E-005
   5.8001258281947798E-004   3.3495397017802020E-005   3.8487258775116162E-005   3.2372975240502200E-006   2.0904477278804734E-003   2.0203973847587875E-004
   5.8167681952525641E-004   3.3075396193016360E-005   3.8278376425587846E-005   5.1044226834391637E-006   2.0904477278804734E-003   3.2261227465024689E-004
   5.8332025327345605E-004   3.2663245748132397E-005   3.7977002700265161E-005   6.9359081787817578E-006   2.0904477278804734E-003   4.4389812344203250E-004
   5.8494327169533733E-004   3.2258751250235917E-005   3.7585016296637352E-005   8.7279282410118730E-006   2.0904477278804734E-003   5.6559156983793102E-004
   5.8654625285292639E-004   3.1861724248294365E-005   3.7104483962296930E-005   1.0476788380280044E-005   2.0904477279373168E-003   6.8738208563035030E-004
   5.8812956553389029E-004   3.1471982053332681E-005   3.6537653759022293E-005   1.2178932161599487E-005   2.0904477279373168E-003   8.0895512150380711E-004
   5.8969356951976692E-004   3.1089347530599554E-005   3.5886947996555119E-005   1.3830947630445733E-005   2.0904477279373168E-003   9.2999291867101874E-004
   5.9123861588261661E-004   3.0713648896174561E-005   3.5154955854252434E-005   1.5429573375649874E-005   2.0904477279941602E-003   1.0501753378804324E-003
   5.9276504723015933E-004   3.0344719523789365E-005   3.4344425708904280E-005   1.6971704219451156E-005   2.0904477279941602E-003   1.1691807036777746E-003
   5.9427319796334643E-004   2.9982397762751134E-005   3.3458257187465867E-005   1.8454396524952843E-005   2.0904477280225819E-003   1.2866866617109451E-003
   5.9576339451972160E-004   2.9626526758086413E-005   3.2499492964160881E-005   1.9874873111835889E-005   2.0904477280510037E-003   1.4023710467707673E-003
   5.9723595561500531E-004   2.9276954280899048E-005   3.1471310321787294E-005   2.1230527772336805E-005   2.0904477280225819E-003   1.5159127592649924E-003
   5.9869119246336311E-004   2.8933532568498066E-005   3.0377012497376232E-005   2.2518929380585528E-005   2.0904477280794254E-003   1.6269926477479046E-003
   6.0012940899412115E-004   2.8596118164081474E-005   2.9220019832618127E-005   2.3737825588801553E-005   2.0904477280794254E-003   1.7352943951056687E-003
   6.0155090208091622E-004   2.8264571769742730E-005   2.8003860749914455E-005   2.4885146105296796E-005   2.0904477281078471E-003   1.8405054059478232E-003
   6.0295596171933141E-004   2.7938758102585837E-005   2.6732162575204832E-005   2.5959005550107994E-005   2.0904477281362688E-003   1.9423176927721997E-003
   6.0434487124716441E-004   2.7618545754393153E-005   2.5408642228469391E-005   2.6957705884303462E-005   2.0904477281646905E-003   2.0404287583826175E-003
   6.0571790752383947E-004   2.7303807061507257E-005   2.4037096803555813E-005   2.7879738411271116E-005   2.0904477281362688E-003   2.1345424721133099E-003
   6.0707534111514860E-004   2.6994417977377339E-005   2.2621394058758293E-005   2.8723785348058750E-005   2.0904477281646905E-003   2.2243699373536430E-003
   6.0841743647266355E-004   2.6690257948658314E-005   2.1165462839464744E-005   2.9488720966211468E-005   2.0904477281931122E-003   2.3096303478764568E-003
   6.0974445210781880E-004   2.6391209798859450E-005   1.9673283454681167E-005   3.0173612302966668E-005   2.0904477281646905E-003   2.3900518305186580E-003
   6.1105664075356003E-004   2.6097159616877974E-005   1.8148878028582949E-005   3.0777719443403351E-005   2.0904477281931122E-003   2.4653722717147275E-003
   6.1235424952599260E-004   2.5807996645088593E-005   1.6596300848784051E-005   3.1300495376682114E-005   2.0904477282499556E-003   2.5353401255117092E-003
   6.1363752007892458E-004   2.5523613177202975E-005   1.5019628732286516E-005   3.1741585428818331E-005   2.0904477282499556E-003   2.5997152005832191E-003
   6.1490668875840981E-004   2.5243904459237854E-005   1.3422951430426544E-005   3.2100826276540428E-005   2.0904477282783773E-003   2.6582694239607463E-003
   6.1616198674130374E-004   2.4968768590483137E-005   1.1810362093467308E-005   3.2378244547298651E-005   2.0904477283067990E-003   2.7107875791116953E-003
   6.1740364018092464E-004   2.4698106431131350E-005   1.0185947815440077E-005   3.2574055010725633E-005   2.0904477283352207E-003   2.7570680161090877E-003
   6.1863187034028044E-004   2.4431821514792063E-005   8.5537802795507267E-006   3.2688658368959511E-005   2.0904477283352207E-003   2.7969233316937903E-003
   6.1984689372529544E-004   2.4169819960562222E-005   6.9179065239465681E-006   3.2722638653198688E-005   2.0904477283920642E-003   2.8301810171136310E-003
   6.2104892220560259E-004   2.3912010390869654E-005   5.2823398474007716E-006   3.2676760234578994E-005   2.0904477284489076E-003   2.8566840716077735E-003
   6.2223816315132296E-004   2.3658303852869267E-005   3.6510508739074320E-006   3.2551964458990557E-005   2.0904477284489076E-003   2.8762915795965682E-003
   6.2341481953431810E-004   2.3408613739395179E-005   2.0279587947895882E-006   3.2349365915576578E-005   2.0904477285057510E-003   2.8888792496761795E-003
   6.2457909006141676E-004   2.3162855717018260E-005   4.1692280635177714E-007   3.2070248349932995E-005   2.0904477284489076E-003   2.8943399135812342E-003
   6.2573116927566730E-004   2.2920947654991863E-005   1.1782662394186488E-006   3.1716060232847565E-005   2.0904477285057510E-003   2.8925839833870981E-003
   6.2687124766291902E-004   2.2682809554641636E-005   2.7538939542104401E-006   3.1288409997567990E-005   2.0904477285625944E-003   2.8835398653761501E-003
   6.2799951176728541E-004   2.2448363484084410E-005   4.3063302864985997E-006   3.0789060957409076E-005   2.0904477285057510E-003   2.8671543290066381E-003
   6.2911614428351470E-004   2.2217533516499799E-005   5.8320371328392240E-006   3.0219925918353874E-005   2.0904477285625944E-003   2.8433928296571764E-003
   6.3022132415824217E-004   2.1990245665737262E-005   7.3275756723237273E-006   2.9583061499277585E-005   2.0904477285625944E-003   2.8122397837755386E-003
   6.3131522668768980E-004   2.1766427828140422E-005   8.7896134100748369E-006   2.8880662175670424E-005   2.0904477286194378E-003   2.7736987953517200E-003
   6.3239802360648412E-004   2.1546009726147730E-005   1.0214930916185860E-005   2.8115054061042533E-005   2.0904477286194378E-003   2.7277928326370215E-003
   6.3346988318357944E-004   2.1328922851893140E-005   1.1600428247535155E-005   2.7288688442150821E-005   2.0904477286762813E-003   2.6745643542138708E-003
   6.3453097030219396E-004   2.1115100413915400E-005   1.2943131040422939E-005   2.6404135083979430E-005   2.0904477287331247E-003   2.6140753836525477E-003
