   1.0000000000000000        0.0000000000000000     
  0.99958348958333343       -1.6666666666666666E-002
  0.99840456666597799       -3.4632969212929125E-002
  0.99634978534588325       -5.1183342213161551E-002
  0.99346788086364302       -6.7418129150691938E-002
  0.98977690730005108       -8.3346352100366283E-002
  0.98529454365053626       -9.8914967226126138E-002
  0.98004071627452582      -0.11406403461447309     
  0.97403804038641828      -0.12873555898805511     
  0.96731179767125808      -0.14287582502083770     
  0.95988976324341269      -0.15643631503245378     
  0.95180196763449199      -0.16937418676266988     
  0.94308042530600633      -0.18165254964855909     
  0.93375884485228189      -0.19324060897042669     
  0.92387233017970150      -0.20411370276145446     
  0.91345707943273113      -0.21425324415348579     
  0.90255008711704432      -0.22364657889246464     
  0.89118885399842895      -0.23228676756527589     
  0.87941110865583694      -0.24017230257708494     
  0.86725454393290136      -0.24730677041332647     
  0.85475657092770063      -0.25369846998161977     
  0.84195409257698617      -0.25935999779401619     
  0.82888329833162000      -0.26430781042525880     
  0.81557948089191135      -0.26856177410365184     
  0.80207687548289330      -0.27214471050578376     
  0.78840852170735654      -0.27508194688706472     
  0.77460614762392688      -0.27740087763868981     
  0.76070007536187334      -0.27913054326664005     
  0.74671914730490485      -0.28030123168277071     
  0.73269067165235857      -0.28094410561854316     
  0.71864038599572555      -0.28109085894819497     
  0.70459243742798061      -0.28077340376274518     
  0.69056937762830350      -0.28002358918511988     
  0.67659217133049498      -0.27887295216965552     
  0.66268021658434795      -0.27735249989071542     
  0.64885137524995173      -0.27549252279505859     
  0.63512201222002107      -0.27332243696721675     
  0.62150704193971051      -0.27087065412999772     
  0.60801998088225928      -0.26816447736491650     
  0.59467300473789775      -0.26523002048019156     
  0.58147700917893763      -0.26209214886663534     
  0.56844167317258421      -0.25877443965389069     
  0.55557552392198262      -0.25529915900086403     
  0.54288600262307707      -0.25168725441528678     
  0.53037953032822438      -0.24795836008928260     
  0.51806157330577762      -0.24413081335270678     
  0.50593670737704433      -0.24022168047689957     
  0.49400868079745297      -0.23624679020238304     
  0.48228047532703272      -0.23222077350990622     
  0.47075235031474966      -0.22825236854537748     
  0.45942722148221271      -0.22406761685289123     
  0.44830960567354283      -0.21996459747951463     
  0.43739722282572746      -0.21585795338915603     
  0.42669005780859171      -0.21175705556387911     
  0.41618764560247262      -0.20767038208121963     
  0.40588911482715201      -0.20360557188017983     
  0.39579322859712540      -0.19956947775621955     
  0.38589842275013542      -0.19556821819401385     
  0.37620284151383554      -0.19160722772347263     
  0.36670437068973988      -0.18769130555230390     
  0.35740066844469115      -0.18382466228777430     
  0.34828919380835277      -0.18001096461187405     
  0.33936723298107768      -0.17625337781845177     
  0.33063130004033431      -0.17258415968389693     
  0.32207937931100156      -0.16888942058964859     
  0.31370965850993882      -0.16531557338743236     
  0.30551728217398028      -0.16180623955849180     
  0.29749899892553416      -0.15836263771321329     
  0.28965150258038086      -0.15498569453553956     
  0.28197144616821546      -0.15167607227911634     
  0.27445545461864657      -0.14843419433400848     
  0.26710013620740297      -0.14526026894761088     
  0.25990209285322891      -0.14215431118732211     
  0.25285792935152024      -0.13911616323483292     
  0.24596426162623794      -0.13614551310278228     
  0.23921772407709976      -0.13324191186429754     
  0.23261497609454695      -0.13040478948477255     
  0.22615270781055269      -0.12763346934333497     
  0.21982764514901651      -0.12492718152897012     
  0.21363655423530026      -0.12228507499334020     
  0.20757624522042609      -0.11970622863908099     
  0.20164357557158946      -0.11718966141887062     
  0.19583545287695114      -0.11473434151692991     
  0.19014883720916551      -0.11233919468089920     
  0.18458074308878325      -0.11000311176829776     
  0.17912824108553349      -0.10772495556805609     
  0.17378845909254181      -0.10550356695395435     
  0.16855858330577361      -0.10333777042323108     
  0.16343585893840076      -0.10122637907016709     
  0.15841759069736946       -9.9168199041117996E-002
  0.15350114304718959       -9.7162033514275950E-002
  0.14868394028386589       -9.5206686244395003E-002
  0.14396346643993987       -9.3300964709821674E-002
  0.13933726503980165       -9.1443682896432413E-002
  0.13480293872275498       -8.9633663750494655E-002
  0.13035814874976875       -8.7869741330035833E-002
  0.12600061440841692       -8.6150762682021292E-002
  0.12172811232918831       -8.4475589470504334E-002
  0.11753847572513192       -8.2843099378914015E-002
  0.11342959356568351       -8.1252187307783427E-002
  0.10939940969449101       -7.9701766387486828E-002
  0.10544592190011129       -7.8190768823942644E-002
  0.10156718094758455       -7.6718146593743319E-002
   9.7761289578098501E-002  -7.5282872003787360E-002
   9.4026401483227662E-002  -7.3883938129206253E-002
   9.0360720259568400E-002  -7.2520359142193305E-002
   8.6762498348982850E-002  -7.1191170543247126E-002
   8.3230035969110508E-002  -6.9895429305332810E-002
   7.9761680038300517E-002  -6.8632213940534009E-002
   7.6355823098657113E-002  -6.7400624497913036E-002
   7.3010902240471257E-002  -6.6199782500508883E-002
   6.9725398030930280E-002  -6.5028830828679815E-002
   6.6497833449650795E-002  -6.3886933556333306E-002
   6.3326772833265960E-002  -6.2773275745976923E-002
   6.0210820831013118E-002  -6.1687063207965548E-002
   5.7148621373009877E-002  -6.0627522228809183E-002
   5.4138856652673123E-002  -5.9593899272937498E-002
   5.1180246124524931E-002  -5.8585460661889473E-002
   4.8271545518438867E-002  -5.7601492234505385E-002
   4.5411545871208943E-002  -5.6641298991341182E-002
   4.2599072576169301E-002  -5.5704204726199538E-002
   3.9832984451454265E-002  -5.4789551647374375E-002
   3.7112172827364155E-002  -5.3896699990935021E-002
   3.4435560653191234E-002  -5.3025027628129405E-002
   3.1802101623760855E-002  -5.2173929668761151E-002
   2.9210779325854391E-002  -5.1342818062191466E-002
   2.6660606404601963E-002  -5.0531121197431118E-002
   2.4150623749863161E-002  -4.9738283503619564E-002
   2.1679899702552376E-002  -4.8963765052035389E-002
   1.9247529280811033E-002  -4.8207041160643914E-002
   1.6852633425881336E-002  -4.7467602002062369E-002
   1.4494358267494555E-002  -4.6744952215709616E-002
   1.2171874408550637E-002  -4.6038610524804999E-002
   9.8843762288346529E-003  -4.5348109358788129E-002
   7.6310812074887758E-003  -4.4672994481648173E-002
   5.4112292639355991E-003  -4.4012824626575880E-002
   3.2240821169294046E-003  -4.3367171137284020E-002
   1.0689226613959481E-003  -4.2735617616281064E-002
  -1.0549456372917448E-003  -4.2117759580328568E-002
  -3.1481308235914111E-003  -4.1509936267686634E-002
  -5.2112646377288317E-003  -4.0918348303392922E-002
  -7.2450815875751001E-003  -4.0339309538553692E-002
  -9.2502015986021275E-003  -3.9772459879939666E-002
  -1.1227226807318203E-002  -3.9217449538057073E-002
  -1.3176742070192383E-002  -3.8673938728138499E-002
  -1.5099315457789456E-002  -3.8141597378824714E-002
  -1.6995498734499265E-002  -3.7620104848498322E-002
  -1.8865827824241739E-002  -3.7109149649211644E-002
  -2.0710823262525827E-002  -3.6608429178134970E-002
  -2.2530990635236503E-002  -3.6117649456437258E-002
  -2.4326821004519404E-002  -3.5636524875499273E-002
  -2.6098791322127373E-002  -3.5164777950348676E-002
  -2.7847364830587536E-002  -3.4702139080197814E-002
  -2.9572991452541390E-002  -3.4248346315957467E-002
  -3.1276108168603926E-002  -3.3803145134593607E-002
  -3.2957139384081020E-002  -3.3366288220189222E-002
  -3.4616497284877430E-002  -3.2937535251569221E-002
  -3.6254582182920443E-002  -3.2516652696343254E-002
  -3.7871782851417027E-002  -3.2103413611218962E-002
  -3.9468476850254897E-002  -3.1697597448436629E-002
  -4.1045030841850350E-002  -3.1298989868175135E-002
  -4.2601800897738407E-002  -3.0907382556778752E-002
  -4.4139132796193005E-002  -3.0522573050654478E-002
  -4.5657362311157766E-002  -3.0144364565689984E-002
  -4.7156815492760150E-002  -2.9772565832043338E-002
  -4.8637808939674551E-002  -2.9406990934156777E-002
  -5.0100650063592454E-002  -2.9047459155848457E-002
  -5.1545637346050534E-002  -2.8693794830337856E-002
  -5.2973060587860367E-002  -2.8345827195062512E-002
  -5.4383201151376459E-002  -2.8003390251146034E-002
  -5.5776332195832203E-002  -2.7666322627379631E-002
  -5.7152718905966612E-002  -2.7334467448581919E-002
  -5.8512618714158020E-002  -2.7007672208204360E-002
  -5.9856281516274229E-002  -2.6685788645052385E-002
  -6.1183949881442296E-002  -2.6368672623994970E-002
  -6.2495859255934719E-002  -2.6056184020538255E-002
  -6.3792238161362716E-002  -2.5748186609141663E-002
  -6.5073308387361223E-002  -2.5444547955157788E-002
  -6.6339285178944329E-002  -2.5145139310280198E-002
  -6.7590377418704300E-002  -2.4849835511386260E-002
  -6.8826787804021475E-002  -2.4558514882664820E-002
  -7.0048713019447151E-002  -2.4271059140921550E-002
  -7.1256343904416083E-002  -2.3987353303957529E-002
  -7.2449865616440234E-002  -2.3707285601919460E-002
  -7.3629457789930103E-002  -2.3430747391522674E-002
  -7.4795294690785469E-002  -2.3157633073050819E-002
  -7.5947545366892272E-002  -2.2887840010038817E-002
  -7.7086373794657950E-002  -2.2621268451548306E-002
  -7.8211939021713056E-002  -2.2357821456947376E-002
  -7.9324395305902462E-002  -2.2097404823108988E-002
  -8.0423892250685455E-002  -2.1839927013944934E-002
  -8.1510574937059738E-002  -2.1585299092194626E-002
  -8.2584584052120477E-002  -2.1333434653390434E-002
  -8.3646056014361619E-002  -2.1084249761923593E-002
  -8.4695123095822958E-002  -2.0837662889137000E-002
  -8.5731913541182841E-002  -2.0593594853373434E-002
  -8.6756551683892708E-002  -2.0351968761909922E-002
  -8.7769158059446573E-002  -2.0112709954711077E-002
  -8.8769849515874799E-002  -1.9875745949936303E-002
  -8.9758739321548736E-002  -1.9641006391137781E-002
