 theta         eta          phi
   0.0000000000000000        1.0000000000000000        0.0000000000000000       -0.0000000000000000     
   5.0000000000000003E-002  0.99958333333333338       -1.6666666666666666E-002   4.1666666666666672E-005
  0.10000000000000001       0.99833333333333341       -3.3333333333333333E-002   3.3333333333333338E-004
  0.15000000000000002       0.99625000000000008       -5.0000000000000003E-002   1.1250000000000003E-003
  0.20000000000000001       0.99333333333333340       -6.6666666666666666E-002   2.6666666666666670E-003
  0.25000000000000000       0.98958333333333337       -8.3333333333333329E-002   5.2083333333333330E-003
  0.29999999999999999       0.98499999999999999      -0.10000000000000001        8.9999999999999993E-003
  0.34999999999999998       0.97958333333333336      -0.11666666666666667        1.4291666666666664E-002
  0.39999999999999997       0.97333333333333338      -0.13333333333333333        2.1333333333333329E-002
  0.44999999999999996       0.96625000000000005      -0.14999999999999999        3.0374999999999992E-002
  0.49999999999999994       0.95833333333333337      -0.16666666666666666        4.1666666666666657E-002
  0.54999999999999993       0.94958333333333333      -0.18333333333333332        5.5458333333333318E-002
  0.59999999999999998       0.93999999999999995      -0.19999999999999998        7.1999999999999995E-002
  0.65000000000000002       0.92958333333333332      -0.21666666666666665        9.1541666666666660E-002
  0.70000000000000007       0.91833333333333333      -0.23333333333333331       0.11433333333333334     
  0.75000000000000011       0.90625000000000000      -0.24999999999999997       0.14062500000000003     
  0.80000000000000016       0.89333333333333331      -0.26666666666666666       0.17066666666666674     
  0.85000000000000020       0.87958333333333327      -0.28333333333333333       0.20470833333333344     
  0.90000000000000024       0.86499999999999999      -0.29999999999999999       0.24300000000000013     
  0.95000000000000029       0.84958333333333336      -0.31666666666666665       0.28579166666666683     
   1.0000000000000002       0.83333333333333337      -0.33333333333333331       0.33333333333333348     
   1.0500000000000003       0.81625000000000003      -0.34999999999999998       0.38587500000000019     
   1.1000000000000003       0.79833333333333334      -0.36666666666666664       0.44366666666666688     
   1.1500000000000004       0.77958333333333329      -0.38333333333333330       0.50695833333333362     
   1.2000000000000004       0.76000000000000001      -0.39999999999999997       0.57600000000000029     
   1.2500000000000004       0.73958333333333337      -0.41666666666666663       0.65104166666666707     
   1.3000000000000005       0.71833333333333338      -0.43333333333333329       0.73233333333333384     
   1.3500000000000005       0.69625000000000004      -0.44999999999999996       0.82012500000000055     
   1.4000000000000006       0.67333333333333334      -0.46666666666666662       0.91466666666666729     
   1.4500000000000006       0.64958333333333329      -0.48333333333333328        1.0162083333333340     
   1.5000000000000007       0.62500000000000000      -0.49999999999999994        1.1250000000000009     
   1.5500000000000007       0.59958333333333336      -0.51666666666666661        1.2412916666666676     
   1.6000000000000008       0.57333333333333336      -0.53333333333333333        1.3653333333333346     
   1.6500000000000008       0.54625000000000001      -0.55000000000000004        1.4973750000000017     
   1.7000000000000008       0.51833333333333331      -0.56666666666666676        1.6376666666666686     
   1.7500000000000009       0.48958333333333331      -0.58333333333333348        1.7864583333333357     
   1.8000000000000009       0.45999999999999996      -0.60000000000000020        1.9440000000000026     
   1.8500000000000010       0.42958333333333326      -0.61666666666666692        2.1105416666666699     
   1.9000000000000010       0.39833333333333326      -0.63333333333333364        2.2863333333333369     
   1.9500000000000011       0.36624999999999991      -0.65000000000000036        2.4716250000000040     
   2.0000000000000009       0.33333333333333320      -0.66666666666666707        2.6666666666666705     
   2.0500000000000007       0.29958333333333320      -0.68333333333333368        2.8717083333333369     
   2.1000000000000005       0.26499999999999985      -0.70000000000000029        3.0870000000000029     
   2.1500000000000004       0.22958333333333317      -0.71666666666666690        3.3127916666666688     
   2.2000000000000002       0.19333333333333316      -0.73333333333333350        3.5493333333333346     
   2.2500000000000000       0.15624999999999981      -0.75000000000000022        3.7968750000000013     
   2.2999999999999998       0.11833333333333312      -0.76666666666666683        4.0556666666666672     
   2.3499999999999996        7.9583333333333117E-002 -0.78333333333333344        4.3259583333333325     
   2.3999999999999995        3.9999999999999779E-002 -0.80000000000000004        4.6079999999999979     
   2.4499999999999993       -4.1666666666689085E-004 -0.81666666666666665        4.9020416666666637     
   2.4999999999999991       -4.1658219530089205E-002 -0.83299886170023207        5.2062428856264464     
   2.5499999999999989       -8.3725157195776168E-002 -0.84967851630780122        5.5250345522914728     
   2.5999999999999988      -0.12662605879733901      -0.86635742883974243        5.8565762189566533     
   2.6499999999999986      -0.17036088864030066      -0.88303565476995038        6.2011178856219695     
   2.6999999999999984      -0.21492961367421851      -0.89971324448387058        6.5589095522874086     
   2.7499999999999982      -0.26033220325231787      -0.91639024382849132        6.9302012189529565     
   2.7999999999999980      -0.30656862891687880      -0.93306669459421077        7.3152428856186020     
   2.8499999999999979      -0.35363886420721391      -0.94974263493805433        7.7142845522843349     
   2.8999999999999977      -0.40154288448751035      -0.96641809975626147        8.1275762189501464     
   2.9499999999999975      -0.45028066679217948      -0.98309312101304713        8.5553678856160289     
   2.9999999999999973      -0.49985218968667167      -0.99976772803133229        8.9979095522819748     
   3.0499999999999972      -0.55025743314198128       -1.0164419477503892        9.4554512189479780     
   3.0999999999999970      -0.60149637842129622       -1.0331158049546361        9.9282428856140328     
   3.1499999999999968      -0.65356900797744333       -1.0497893224772141        10.416534552280137     
   3.1999999999999966      -0.70647530535994740       -1.0664625213814751        10.920576218946282     
   3.2499999999999964      -0.76021525513067001       -1.0831354211230761        11.440617885612467     
   3.2999999999999963      -0.81478884278711750       -1.0998080396950152        11.976909552278688     
   3.3499999999999961      -0.87019605469261652       -1.1164803937576271        12.529701218944941     
   3.3999999999999959      -0.92643687801265096       -1.1331524987552988        13.099242885611222     
   3.4499999999999957      -0.98351130065673453       -1.1498243690214296        13.685784552277532     
   3.4999999999999956       -1.0414193112252657       -1.1664960178729717        14.289576218943868     
   3.5499999999999954       -1.1001608989608740       -1.1831674576957163        14.910867885610227     
   3.5999999999999952       -1.1597360537038208       -1.1998387000213462        15.549909552276604     
   3.6499999999999950       -1.2201447658510651       -1.2165097555971511        16.206951218943001     
   3.6999999999999948       -1.2813870263186495       -1.2331806344491938        16.882242885609415     
   3.7499999999999947       -1.3434628265070940       -1.2498513459396192        17.576034552275846     
   3.7999999999999945       -1.4063721582695228       -1.2665218988187219        18.288576218942293     
   3.8499999999999943       -1.4701150138822745       -1.2831923012723094        19.020117885608752     
   3.8999999999999941       -1.5346913860177729       -1.2998625609648442        19.770909552275221     
   3.9499999999999940       -1.6001012677194582       -1.3165326850787866        20.541201218941705     
   3.9999999999999938       -1.6663446523785985       -1.3332026803505166        21.331242885608198     
   4.0499999999999936       -1.7334215337128194       -1.3498725531031717        22.141284552274705     
   4.0999999999999934       -1.8013319057462032       -1.3665423092766980        22.971576218941220     
   4.1499999999999932       -1.8700757627908287       -1.3832119544553823        23.822367885607743     
   4.1999999999999931       -1.9396530994296277       -1.3998814938931041        24.693909552274274     
   4.2499999999999929       -2.0100639105004534       -1.4165509325365204        25.586451218940816     
   4.2999999999999927       -2.0813081910812583       -1.4332202750463736        26.500242885607360     
   4.3499999999999925       -2.1533859364762957       -1.4498895258170963        27.435534552273911     
   4.3999999999999924       -2.2262971422032627       -1.4665586889948641        28.392576218940469     
   4.4499999999999922       -2.3000418039813080       -1.4832277684942374        29.371617885607034     
   4.4999999999999920       -2.3746199177198397       -1.4998967680135165        30.372909552273601     
   4.5499999999999918       -2.4500314795080733       -1.5165656910489209        31.396701218940173     
   4.5999999999999917       -2.5262764856052571       -1.5332345409076971        32.443242885606750     
   4.6499999999999915       -2.6033549324315328       -1.5499033207202431        33.512784552273331     
   4.6999999999999913       -2.6812668165593760       -1.5665720334513376        34.605576218939916     
   4.7499999999999911       -2.7600121347055797       -1.5832406819105436        35.721867885606507     
   4.7999999999999909       -2.8395908837237367       -1.5999092687618592        36.861909552273097     
   4.8499999999999908       -2.9200030605971889       -1.6165777965326746        38.025951218939696     
   4.8999999999999906       -3.0012486624324066       -1.6332462676220927        39.214242885606296     
   4.9499999999999904       -3.0833276864527708       -1.6499146843086645        40.427034552272893     
   4.9999999999999902       -3.1662401299927274       -1.6665830487575866        41.664576218939501     
   5.0499999999999901       -3.2499859904922883       -1.6832513630274004        42.927117885606108     
   5.0999999999999899       -3.3345652654918574       -1.6999196290762359        44.214909552272722     
   5.1499999999999897       -3.4199779526273564       -1.7165878487676318        45.528201218939330     
   5.1999999999999895       -3.5062240496256338       -1.7332560238759664        46.867242885605947     
   5.2499999999999893       -3.5933035543001344       -1.7499241560915286        48.232284552272560     
   5.2999999999999892       -3.6812164645468135       -1.7665922470252540        49.623576218939178     
   5.3499999999999890       -3.7699627783402834       -1.7832602982131542        51.041367885605794     
   5.3999999999999888       -3.8595424937301703       -1.7999283111204607        52.485909552272417     
   5.4499999999999886       -3.9499556088376737       -1.8165962871455017        53.957451218939042     
   5.4999999999999885       -4.0412021218523133       -1.8332642276233353        55.456242885605661     
   5.5499999999999883       -4.1332820310288509       -1.8499321338291543        56.982534552272284     
   5.5999999999999881       -4.2261953346843786       -1.8666000069814783        58.536576218938912     
   5.6499999999999879       -4.3199420311955601       -1.8832678482451499        60.118617885605545     
   5.6999999999999877       -4.4145221189960191       -1.8999356587341469        61.728909552272171     
   5.7499999999999876       -4.5099355965738610       -1.9166034395142253        63.367701218938798     
   5.7999999999999874       -4.6061824624693264       -1.9332711916054017        65.035242885605427     
   5.8499999999999872       -4.7032627152725617       -1.9499389159842897        66.731784552272060     
   5.8999999999999870       -4.8011763536215044       -1.9666066135862970        68.457576218938698     
   5.9499999999999869       -4.8999233761998768       -1.9832742853076941        70.212867885605334     
   5.9999999999999867       -4.9995037817352754       -1.9999419320075635        71.997909552271963     
   6.0499999999999865       -5.0999175689973617       -2.0166095545096354        73.812951218938608     
   6.0999999999999863       -5.2011647367961356       -2.0332771536040197        75.658242885605233     
   6.1499999999999861       -5.3032452839802948       -2.0499447300488391        77.534034552271876     
   6.1999999999999860       -5.4061592094356774       -2.0666122845717707        79.440576218938503     
   6.2499999999999858       -5.5099065120837736       -2.0832798178715013        81.378117885605150     
   6.2999999999999856       -5.6144871908803120       -2.0999473306191021        83.346909552271782     
   6.3499999999999854       -5.7199012448139133       -2.1166148234593294        85.347201218938423     
   6.3999999999999853       -5.8261486729048020       -2.1332822970118519        87.379242885605052     
   6.4499999999999851       -5.9332294742035838       -2.1499497518724140        89.443284552271692     
   6.4999999999999849       -6.0411436477900766       -2.1666171886139352        91.539576218938336     
   6.5499999999999847       -6.1498911927721949       -2.1832846077875510        93.668367885604965     
   6.5999999999999845       -6.2594721082848874       -2.1999520099236007        95.829909552271602     
   6.6499999999999844       -6.3698863934891179       -2.2166193955325615        98.024451218938239     
   6.6999999999999842       -6.4811340475708974       -2.2332867651059334        100.25224288560487     
   6.7499999999999840       -6.5932150697403538       -2.2499541191170809        102.51353455227151     
   6.7999999999999838       -6.7061294592308478       -2.2666214580220294        104.80857621893814     
   6.8499999999999837       -6.8198772152981233       -2.2832887822602226        107.13761788560478     
   6.8999999999999835       -6.9344583372194961       -2.2999560922552393        109.50090955227142     
   6.9499999999999833       -7.0498728242930788       -2.3166233884154774        111.89870121893806     
   6.9999999999999831       -7.1661206758370390       -2.3332906711348009        114.33124288560469     
   7.0499999999999829       -7.2832018911888863       -2.3499579407931575        116.79878455227134     
   7.0999999999999828       -7.4011164697047924       -2.3666251977571626        119.30157621893800     
   7.1499999999999826       -7.5198644107589372       -2.3832924423806587        121.83986788560463     
   7.1999999999999824       -7.6394457137428855       -2.3999596750052445        124.41390955227126     
   7.2499999999999822       -7.7598603780649862       -2.4166268959607806        127.02395121893791     
   7.2999999999999821       -7.8811084031497973       -2.4332941055658694        129.67024288560455     
   7.3499999999999819       -8.0031897884375365       -2.4499613041283137        132.35303455227117     
   7.3999999999999817       -8.1261045333835487       -2.4666284919455528        135.07257621893780     
   7.4499999999999815       -8.2498526374578027       -2.4832956693050785        137.82911788560443     
   7.4999999999999813       -8.3744341001444003       -2.4999628364848316        140.62290955227107     
   7.5499999999999812       -8.4998489209411083       -2.5166299937535799        143.45420121893773     
   7.5999999999999810       -8.6260970993589137       -2.5332971413712793        146.32324288560434     
   7.6499999999999808       -8.7531786349215839       -2.5499642795894184        149.23028455227100     
   7.6999999999999806       -8.8810935271652589       -2.5666314086513475        152.17557621893764     
   7.7499999999999805       -9.0098417756380478       -2.5832985287925920        155.15936788560427     
   7.7999999999999803       -9.1394233798996467       -2.5999656402411526        158.18190955227092     
   7.8499999999999801       -9.2698383395209696       -2.6166327432177918        161.24345121893757     
   7.8999999999999799       -9.4010866540837945       -2.6332998379363088        164.34424288560419     
   7.9499999999999797       -9.5331683231804210       -2.6499669246038002        167.48453455227084     
   7.9999999999999796       -9.6660833464133393       -2.6666340034209117        170.66457621893747     
   8.0499999999999794       -9.7998317233949166       -2.6833010745820762        173.88461788560411     
   8.0999999999999801       -9.9344134537470925       -2.6999681382757452        177.14490955227078     
   8.1499999999999808       -10.069828537101081       -2.7166351946846068        180.44570121893744     
   8.1999999999999815       -10.206076973097096       -2.7333022439857966        183.78724288560414     
   8.2499999999999822       -10.343158761384068       -2.7499692863510981        187.16978455227081     
   8.2999999999999829       -10.481073901619389       -2.7666363219471370        190.59357621893750     
   8.3499999999999837       -10.619822393468658       -2.7833033509355651        194.05886788560417     
   8.3999999999999844       -10.759404236605436       -2.7999703734732369        197.56590955227085     
   8.4499999999999851       -10.899819430711009       -2.8166373897123806        201.11495121893756     
   8.4999999999999858       -11.041067975474164       -2.8333043998007601        204.70624288560424     
   8.5499999999999865       -11.183149870590967       -2.8499714038818316        208.34003455227094     
   8.5999999999999872       -11.326065115764550       -2.8666384020948925        212.01657621893762     
   8.6499999999999879       -11.469813710704912       -2.8833053945752267        215.73611788560430     
   8.6999999999999886       -11.614395655128719       -2.8999723814542420        219.49890955227099     
   8.7499999999999893       -11.759810948759112       -2.9166393628596015        223.30520121893770     
   8.7999999999999901       -11.906059591325523       -2.9333063389153526        227.15524288560439     
   8.8499999999999908       -12.053141582563500       -2.9499733097420484        231.04928455227110     
   8.8999999999999915       -12.201056922214534       -2.9666402754568648        234.98757621893782     
   8.9499999999999922       -12.349805610025889       -2.9833072361737139        238.97036788560450     
   8.9999999999999929       -12.499387645750453       -2.9999741920033527        242.99790955227118     
   9.0499999999999936       -12.649803029146568       -3.0166411430534872        247.07045121893788     
   9.0999999999999943       -12.801051759977891       -3.0333080894288722        251.18824288560458     
   9.1499999999999950       -12.953133838013244       -3.0499750312314080        255.35153455227129     
   9.1999999999999957       -13.106049263026472       -3.0666419685602340        259.56057621893797     
   9.2499999999999964       -13.259798034796315       -3.0833089015118174        263.81561788560469     
   9.2999999999999972       -13.414380153106267       -3.0999758301800386        268.11690955227135     
   9.3499999999999979       -13.569795617744454       -3.1166427546562749        272.46470121893805     
   9.3999999999999986       -13.726044428503512       -3.1333096750294800        276.85924288560477     
   9.4499999999999993       -13.883126585180463       -3.1499765913862605        281.30078455227147     
   9.5000000000000000       -14.041042087576605       -3.1666435038109495        285.78957621893818     
   9.5500000000000007       -14.199790935497393       -3.1833104123856786        290.32586788560491     
   9.6000000000000014       -14.359373128752342       -3.1999773171904460        294.90990955227159     
   9.6500000000000021       -14.519788667154906       -3.2166442183031831        299.54195121893832     
   9.7000000000000028       -14.681037550522392       -3.2333111157998178        304.22224288560506     
   9.7500000000000036       -14.843119778675852       -3.2499780097543356        308.95103455227178     
   9.8000000000000043       -15.006035351439992       -3.2666449002388398        313.72857621893843     
   9.8500000000000050       -15.169784268643076       -3.2833117873236088        318.55511788560517     
   9.9000000000000057       -15.334366530116835       -3.2999786710771501        323.43090955227188     
   9.9500000000000064       -15.499782135696385       -3.3166455515662547        328.35620121893857     
 theta         eta          phi
