   0.0000000000000000        1.0000000000000000        0.0000000000000000       -0.0000000000000000     
   5.0000000000000003E-002  0.99958348958333343       -1.6666666666666666E-002   4.1666666666666672E-005
  0.10000000000000001       0.99833554078213538       -3.3236894712845425E-002   3.3236894712845426E-004
  0.15000000000000002       0.99626220353841621       -4.9665588418752023E-002   1.1174757394219208E-003
  0.20000000000000001       0.99337262347574673       -6.5874530583756197E-002   2.6349812233502482E-003
  0.25000000000000000       0.98967957400214757       -8.1793002972056134E-002   5.1120626857535083E-003
  0.29999999999999999       0.98519926517001921       -9.7354155793968250E-002   8.7618740214571427E-003
  0.34999999999999998       0.97995115107843389      -0.11249515694745112        1.3780656726062761E-002
  0.39999999999999997       0.97395771686305876      -0.12715768672030633        2.0345229875249012E-002
  0.44999999999999996       0.96724424072685067      -0.14128842031882641        2.8610905114562341E-002
  0.49999999999999994       0.95983853362206151      -0.15483943508199233        3.8709858770498075E-002
  0.54999999999999993       0.95177066085566764      -0.16776852526357480        5.0749978892231366E-002
  0.59999999999999998       0.94307265039550903      -0.18003941912253021        6.4814190884110875E-002
  0.65000000000000002       0.93377819277983243      -0.19162189811690539        8.0960251954392534E-002
  0.70000000000000007       0.92392233746027763      -0.20249182118150216        9.9220992378936085E-002
  0.75000000000000011       0.91354119019732793      -0.21263105948019559       0.11960497095761005     
  0.80000000000000016       0.90267161580855015      -0.22202734892875226       0.14209750331440149     
  0.85000000000000020       0.89135095016693966      -0.23067406925037004       0.16666201503339242     
  0.90000000000000024       0.87961672488078246      -0.23856995937444361       0.19324166709329943     
  0.95000000000000029       0.86750640757819419      -0.24571877963608849       0.22176119862156998     
   1.0000000000000002       0.85505716018839661      -0.25212893150476828       0.25212893150476839     
   1.0500000000000003       0.84230561707582385      -0.25781304550016898       0.28423888266393643     
   1.1000000000000003       0.82928768435830935      -0.26278754758613299       0.31797293257922110     
   1.1500000000000004       0.81603836124052032      -0.26707221371886308       0.35320300264319665     
   1.2000000000000004       0.80259158372953188      -0.27068972141657904       0.38979319883987407     
   1.2500000000000004       0.78898009067935737      -0.27366520626737401       0.42760188479277217     
   1.3000000000000005       0.77523531174116977      -0.27602583025091326       0.46648365312404377     
   1.3500000000000005       0.76138727647920357      -0.27780036766438310       0.50629117006833857     
   1.4000000000000006       0.74746454365008319      -0.27901881335467482       0.54687687417516306     
   1.4500000000000006       0.73349414943484448      -0.27971201690167286       0.58809451553576764     
   1.5000000000000007       0.71950157325592090      -0.27991134539937501       0.62980052714859436     
   1.5500000000000007       0.70551071970235379      -0.27964837656328728       0.67185522469329828     
   1.6000000000000008       0.69154391502107793      -0.27895462306855651       0.71412383505550536     
   1.6500000000000008       0.67762191660537530      -0.27786128830225265       0.75647735740288358     
   1.7000000000000008       0.66376393391823008      -0.27639905309863894       0.79879326345506729     
   1.7500000000000009       0.64998765932302838      -0.27459789251748534       0.84095604583479977     
   1.8000000000000009       0.63630930735163127      -0.27248692131841851       0.88285762507167687     
   1.8500000000000010       0.62274366101537970      -0.27009426647234480       0.92439762700160111     
   1.9000000000000010       0.60930412385351074      -0.26744696482572378       0.96548354302086392     
   1.9500000000000011       0.59600277651167821      -0.26457088388538791        1.0060307859741886     
   2.0000000000000009       0.58285043674716908      -0.26149066361064827        1.0459626544425940     
   2.0500000000000007       0.56985672186388614      -0.25822967707546840        1.0852102179096568     
   2.1000000000000005       0.55703011268662272      -0.25481000788671526        1.1237121347804149     
   2.1500000000000004       0.54437801828846810      -0.25125244230565658        1.1614144145578980     
   2.2000000000000002       0.53190684078566297      -0.24757647411048944        1.1982701346947691     
   2.2500000000000000       0.51962203960960118      -0.24380032035015331        1.2342391217726512     
   2.2999999999999998       0.50752819475501965      -0.23994094626733609        1.2692876057542077     
   2.3499999999999996       0.49562906858612454      -0.23601409780570287        1.3033878551319937     
   2.4249129399657243       0.48392766585811675      -0.23203434025816080        1.3644089694889019     
   2.4249129407107821       0.47242388960200332      -0.22810959474597120        1.3413306708949080     
   2.4999999999999991       0.46112190760159733      -0.22396768522773852        1.3997980326733648     
   2.5499999999999989       0.45002503766921920      -0.21990535663511565        1.4299345815198383     
   2.5999999999999988       0.43913146323354263      -0.21583750410258085        1.4590615277334451     
   2.6499999999999986       0.42844122238971299      -0.21177350011493834        1.4871794045571529     
   2.6999999999999984       0.41795390690636441      -0.20772183405292743        1.5142921702458392     
   2.7499999999999982       0.40766870506299507      -0.20369016482403005        1.5404068714817252     
   2.7999999999999980       0.39758444187190028      -0.19968537277839829        1.5655333225826404     
   2.8499999999999979       0.38769961673036940      -0.19571361052461914        1.5896838014862165     
   2.8999999999999977       0.37801243856621214      -0.19178035233474142        1.6128727631351727     
   2.9499999999999975       0.36852085855352162      -0.18789044189405812        1.6351165705830382     
   2.9999999999999973       0.35922260048632576      -0.18404813820907190        1.6564332438816440     
   3.0499999999999972       0.35011518890581833      -0.18025715953743932        1.6768422265970262     
   3.1206452332437005       0.34119597508255756      -0.17652072524709275        1.7190341388658772     
   3.1206452339887587       0.33246124545268985      -0.17287769966173289        1.6835568021433833     
   3.1999999999999966       0.32390938395259056      -0.16920758329537228        1.7326856529446084     
   3.2499999999999964       0.31553820153597911      -0.16565011976483016        1.7496793900160148     
   3.2999999999999963       0.30734331860007030      -0.16215584302137653        1.7658771305027865     
   3.3499999999999961       0.29932154259007837      -0.15872603058041904        1.7813028781887486     
   3.3999999999999959       0.29146962450094588      -0.15536166763525444        1.7959808778635371     
   3.4499999999999957       0.28378427280501267      -0.15206347427332945        1.8099355025382993     
   3.4999999999999956       0.27626216606642218      -0.14883193080339716        1.8231911523416104     
   3.5499999999999954       0.26889996433473823      -0.14566730127368369        1.8357721643015938     
   3.5999999999999952       0.26169431940613003      -0.14256965526524926        1.8477027322376254     
   3.6499999999999950       0.25464188403620797      -0.13953888804716486        1.8590068360083487     
   3.6999999999999948       0.24773932018422837      -0.13657473918119906        1.8697081793906098     
   3.7499999999999947       0.24098330636399920      -0.13367680966365666        1.8798301358951666     
   3.7999999999999945       0.23437054417245587      -0.13084457769103977        1.8893957018586087     
   3.8499999999999943       0.22789776406258408      -0.12807741313449197        1.8984274561860017     
   3.8999999999999941       0.22156173042317323      -0.12537459080569460        1.9069475261546092     
   3.9499999999999940       0.21535924602381706      -0.12273530259414345        1.9149775587251172     
   3.9999999999999938       0.20928715587965827      -0.12015866855265926        1.9225386968425422     
   4.0499999999999936       0.20334235058661237      -0.11764374700467241        1.9296515602441331     
   4.0999999999999934       0.19752176917421588      -0.11518954374335211        1.9363362303257428     
   4.1499999999999932       0.19182240151982866      -0.11279502038909198        1.9426122386511302     
   4.1999999999999931       0.18624129036468487      -0.11045910196827095        1.9484985587202932     
   4.2499999999999929       0.18077553296923038      -0.10818068377262861        1.9540136006430977     
   4.2999999999999927       0.17542228244230604      -0.10595863755506267        1.9591752083931022     
   4.3499999999999925       0.17017874877603281      -0.10379181711420300        1.9640006593434995     
   4.3999999999999924       0.16504219961572111      -0.10167906331676413        1.9685066658125467     
   4.4499999999999922       0.16000996079175797       -9.9619208603443130E-002   1.9727093783696756     
   4.4999999999999920       0.15507941663821567       -9.7611081021025517E-002   1.9766243906757597     
   4.5499999999999918       0.15024801012086683       -9.5653507820395986E-002   1.9802667456517409     
   4.5999999999999917       0.14551324279537745       -9.3745318657329574E-002   1.9836509427890865     
   4.6499999999999915       0.14087267461467301       -9.1885348430264704E-002   1.9867909464333913     
   4.6999999999999913       0.13632392360282644       -9.0072439786732406E-002   1.9897001948889115     
   4.7499999999999911       0.13186466541129319       -8.8305445327736154E-002   1.9923916102070396     
   4.7999999999999909       0.12749263277191034       -8.6583229537139580E-002   1.9948776085356883     
   4.8499999999999908       0.12320561485977695       -8.4904670461023082E-002   1.9971701109194078     
   4.8999999999999906       0.11900145657793440       -8.3268661160009125E-002   1.9992805544518113     
   4.9499999999999904       0.11487805777466147       -8.1674110955725257E-002   2.0012199036926503     
   4.9999999999999902       0.11083337240318399       -8.0119946490868038E-002   2.0029986622716933     
   5.0499999999999901       0.10686540763266579       -7.8605112620744086E-002   2.0046268846105182     
   5.0999999999999899       0.10297222291849097       -7.7128573152690449E-002   2.0061141877014705     
   5.1499999999999897        9.9151929039062239E-002  -7.5689311448409083E-002   2.0074697628904219     
   5.1999999999999895        9.5402687105620401E-002  -7.4286330902983991E-002   2.0087023876166792     
   5.2499999999999893        9.1722707550931107E-002  -7.2918655313177858E-002   2.0098204370694566     
   5.2999999999999892        8.8110249102082816E-002  -7.1585329146522089E-002   2.0108318957257971     
   5.3499999999999890        8.4563617742089384E-002  -7.0285417721715066E-002   2.0117443687397811     
   5.3999999999999888        8.1081165664488378E-002  -6.9018007309921581E-002   2.0125650931573049     
   5.4499999999999886        7.7661290224668042E-002  -6.7782205165717327E-002   2.0133009489347105     
   5.4999999999999885        7.4302432891238515E-002  -6.6577139495641202E-002   2.0139584697431379     
   5.5499999999999883        7.1003078200382888E-002  -6.5401959371599164E-002   2.0145438535436746     
   5.5999999999999881        6.7761752715778306E-002  -6.4255834595703359E-002   2.0150629729212488     
   5.6499999999999879        6.4577023996363572E-002  -6.3137955522524047E-002   2.0155213851677654     
   5.6999999999999877        6.1447499573944769E-002  -6.2047532844175642E-002   2.0159243421072581     
   5.7499999999999876        5.8371825942372391E-002  -6.0983797343148426E-002   2.0162767996578359     
   5.7999999999999874        5.5348687559789729E-002  -5.9945999617330749E-002   2.0165834271269976     
   5.8499999999999872        5.2376805865240919E-002  -5.8933409781238823E-002   2.0168486162384367     
   5.8999999999999870        4.9454938310735906E-002  -5.7945317147080462E-002   2.0170764898898619     
   5.9499999999999869        4.6581877409697645E-002  -5.6981029888921723E-002   2.0172709106425426     
   5.9999999999999867        4.3756449802561423E-002  -5.6039874692898874E-002   2.0174354889443507     
   6.0499999999999865        4.0977515340156791E-002  -5.5121196396120287E-002   2.0175735910889836     
   6.0999999999999863        3.8243966185377169E-002  -5.4224357616630955E-002   2.0176883469148290     
   6.1499999999999861        3.5554725933529915E-002  -5.3348738376564654E-002   2.0177826572476074     
   6.1999999999999860        3.2908748751659105E-002  -5.2493735720383045E-002   2.0178592010915151     
   6.2499999999999858        3.0305018537043468E-002  -5.1658763329895642E-002   2.0179204425740394     
   6.2999999999999856        2.7742548094992044E-002  -5.0843251137567748E-002   2.0179686376500547     
   6.3499999999999854        2.5220378335989072E-002  -5.0046644939453579E-002   2.0180058405711079     
   6.3999999999999853        2.2737577492176621E-002  -4.9268406008937726E-002   2.0180339101260798     
   6.4499999999999851        2.0293240353107957E-002  -4.8508010712328076E-002   2.0180545156596192     
   6.4999999999999849        1.7886487520655629E-002  -4.7764950127216453E-002   2.0180691428748858     
   6.5499999999999847        1.5516464682915418E-002  -4.7038729664408453E-002   2.0180790994272741     
   6.5999999999999845        1.3182341906909818E-002  -4.6328868694119840E-002   2.0180855203158510     
   6.6499999999999844        1.0883312949862304E-002  -4.5634900177042900E-002   2.0180893730792704     
   6.6999999999999842        8.6185945887855449E-003  -4.4956370300801303E-002   2.0180914628029609     
   6.7499999999999840        6.3874259681028179E-003  -4.4292838122235403E-002   2.0180924369443409     
   6.7999999999999838        4.1890679650014888E-003  -4.3643875215890936E-002   2.0180927899827874     
   6.8499999999999837        2.0228025722003745E-003  -4.3009065329021989E-002   2.0180928679010246     
   6.8999999999999835       -1.1206770220131730E-004  -4.2388004043363355E-002   2.0180928725045195     
   6.9499999999999833       -2.2161622265444865E-003  -4.1777987558795804E-002   2.0179812440587246     
   6.9999999999999831       -4.2901408600752129E-003  -4.1183288804503886E-002   2.0179811514206807     
   7.0499999999999829       -6.3347011384409548E-003  -4.0601192430167590E-002   2.0179807667603948     
   7.0999999999999828       -8.3504641297947966E-003  -4.0031338135386563E-002   2.0179797554048267     
   7.1499999999999826       -1.0338033144769710E-002  -3.9473375870016751E-002   2.0179776579149213     
   7.1999999999999824       -1.2297994241592348E-002  -3.8926965539446433E-002   2.0179738935648932     
   7.2499999999999822       -1.4230916716646121E-002  -3.8391776717289404E-002   2.0179677637025146     
   7.2999999999999821       -1.6137353580853921E-002  -3.7867488365472414E-002   2.0179584549960152     
   7.3499999999999819       -1.8017842022249240E-002  -3.7353788561674497E-002   2.0179450425730505     
   7.3999999999999817       -1.9872903855101837E-002  -3.6850374234058778E-002   2.0179264930570486     
   7.4499999999999815       -2.1703045955960787E-002  -3.6356950903222558E-002   2.0179016675060999     
   7.4999999999999813       -2.3508760686973707E-002  -3.5873232431278497E-002   2.0178693242594052     
   7.5499999999999812       -2.5290526306836297E-002  -3.5398940777968652E-002   2.0178281216961480     
   7.5999999999999810       -2.7048807369721158E-002  -3.4933805763703557E-002   2.0177766209115076     
   7.6499999999999808       -2.8784055112529308E-002  -3.4477564839410418E-002   2.0177132883143862     
   7.6999999999999806       -3.0496707830801783E-002  -3.4029962863067774E-002   2.0176364981512780     
   7.7499999999999805       -3.2187191243622466E-002  -3.3590751882798267E-002   2.0175445349605607     
   7.7999999999999803       -3.3855918847836758E-002  -3.3159690926386591E-002   2.0174355959613499     
   7.8499999999999801       -3.5503292261903935E-002  -3.2736545797086042E-002   2.0173077933809243     
   7.8999999999999799       -3.7129701559694132E-002  -3.2321088875574264E-002   2.0171591567245795     
   7.9499999999999797       -3.8735525594533915E-002  -3.1913098927916696E-002   2.0169876349916449     
   7.9999999999999796       -4.0321132313797241E-002  -3.1512360919394779E-002   2.0167910988412556     
   8.0499999999999794       -4.1886879064331452E-002  -3.1118665834055270E-002   2.0165673427113564     
   8.0999999999999801       -4.3433112889000751E-002  -3.0731810499836532E-002   2.0163140868942651     
   8.1499999999999808       -4.4960170814622454E-002  -3.0351597419127987E-002   2.0160289795720194     
   8.1999999999999815       -4.6468380131563992E-002  -2.9977834604619384E-002   2.0157095988145981     
   8.2499999999999822       -4.7958058665261739E-002  -2.9610335420297503E-002   2.0153534545439902     
   8.2999999999999829       -4.9429515039915321E-002  -2.9248918427449117E-002   2.0149579904669612     
   8.3499999999999837       -5.0883048934604401E-002  -2.8893407235530570E-002   2.0145205859792723     
   8.3999999999999844       -5.2318951332067681E-002  -2.8543630357766050E-002   2.0140385580439650     
   8.4499999999999851       -5.3737504760377218E-002  -2.8199421071338548E-002   2.0135091630462436     
   8.4999999999999858       -5.5138983527734296E-002  -2.7860617282039681E-002   2.0129295986273603     
   8.5499999999999865       -5.6523653950606538E-002  -2.7527061393246718E-002   2.0122970054998119     
   8.5999999999999872       -5.7891774575419330E-002  -2.7198600179097622E-002   2.0116084692460543     
   8.6499999999999879       -5.9243596394008308E-002  -2.6875084661737280E-002   2.0108610221028322     
   8.6999999999999886       -6.0579363053033346E-002  -2.6556369992510785E-002   2.0100516447331360     
   8.7499999999999893       -6.1899311057548347E-002  -2.6242315336982118E-002   2.0091772679876887     
   8.7999999999999901       -6.3203669968915105E-002  -2.5932783763659355E-002   2.0082347746577760     
   8.8499999999999908       -6.4492662597243691E-002  -2.5627642136310136E-002   2.0072210012211462     
   8.8999999999999915       -6.5766505188535981E-002  -2.5326761009753920E-002   2.0061327395826041     
   8.9499999999999922       -6.7025407606703391E-002  -2.5030014529020206E-002   2.0049667388108374     
   8.9999999999999929       -6.8269573510624432E-002  -2.4737280331764731E-002   2.0037197068729400     
   9.0499999999999936       -6.9499200526402349E-002  -2.4448439453838264E-002   2.0023883123679855     
   9.0999999999999943       -7.0714480414977798E-002  -2.4163376237905425E-002   2.0009691862609458     
   9.1499999999999950       -7.1915599235246722E-002  -2.3881978245013563E-002   1.9994589236181459     
   9.1999999999999957       -7.3102737502828294E-002  -2.3604136169014477E-002   1.9978540853453834     
   9.2499999999999964       -7.4276070344623385E-002  -2.3329743753744296E-002   1.9961511999297448     
   9.2999999999999972       -7.5435767649298976E-002  -2.3058697712869478E-002   1.9943467651860800     
   9.3499999999999979       -7.6581994213829677E-002  -2.2790897652309485E-002   1.9924372500090251     
   9.3999999999999986       -7.7714909886223038E-002  -2.2526245995149092E-002   1.9904190961313732     
   9.4499999999999993       -7.8834669704550872E-002  -2.2264647908955878E-002   1.9882887198895320     
   9.5000000000000000       -7.9941424032404881E-002  -2.2006011235420762E-002   1.9860425139967237     
   9.5500000000000007       -8.1035318690890770E-002  -2.1750246422241919E-002   1.9836768493245189     
   9.6000000000000014       -8.2116495087270966E-002  -2.1497266457174636E-002   1.9811880766932151     
   9.6500000000000021       -8.3185090340362436E-002  -2.1246986804172033E-002   1.9785725286715110     
   9.7000000000000028       -8.4241237402792296E-002  -2.0999325341543740E-002   1.9758265213858517     
   9.7500000000000036       -8.5285065180210312E-002  -2.0754202302061781E-002   1.9729463563397496     
   9.8000000000000043       -8.6316698647553924E-002  -2.0511540214945129E-002   1.9699283222433319     
   9.8500000000000050       -8.7336258962458141E-002  -2.0271263849656329E-002   1.9667686968532831     
   9.9000000000000057       -8.8343863575899115E-002  -2.0033300161445722E-002   1.9634637488232975     
   9.9500000000000064       -8.9339626340157421E-002  -1.9797578238580704E-002   1.9600097395650886     
