   1.0000000000000000        0.0000000000000000     
  0.99958333333333338       -1.6666666666666666E-002
  0.99840277777777786       -3.4722222222222224E-002
  0.99633935185185196       -5.1496913580246918E-002
  0.99343323745135925       -6.8174909367039002E-002
  0.98969007120345798       -8.4835730139678184E-002
  0.98511165788974564      -0.10149339471196110     
  0.97969877441087494      -0.11815117209485324     
  0.97345181669188086      -0.13480984004199748     
  0.96637101028801664      -0.15146950114413038     
  0.95845649435124813      -0.16813007119601475     
  0.94970836003551073      -0.18479142517432154     
  0.94012666991777827      -0.20145344184844052     
  0.92971146860536913      -0.21811601590311436     
  0.91846278889476707      -0.23477905940597016     
  0.90638065553027625      -0.25144249999460644     
  0.89346508759493226      -0.26810627833307998     
  0.87971610008559420      -0.28477034568957832     
  0.86513370498219999      -0.30143466187536755     
  0.84971791199276014      -0.31809919356861827     
  0.83346872908437553      -0.33476391297733554     
  0.81638616286941801      -0.35142879678060152     
  0.79847021889144176      -0.36809382529121415     
  0.77972090184027099      -0.38475898179202700     
  0.76013821571615436      -0.40142425200787635     
  0.73972216395669066      -0.41808962368330915     
  0.71847274953613827      -0.43475508624306114     
  0.69638997504396216      -0.45142063051750975     
  0.67347384274757904      -0.46808624851938857     
  0.64972435464293909      -0.48475193326115673     
  0.62514151249564731      -0.50141767860478947     
  0.59972531787465566      -0.51808347913756692     
  0.57347577218006873      -0.53474933006882608     
  0.54639287666624736      -0.55141522714370850     
  0.51847663246112585      -0.56808116657075947     
  0.48972704058245919      -0.58474714496087454     
  0.46014410195156336      -0.60141315927558847     
  0.42972781740499660      -0.61807920678309236     
  0.39847818770453813      -0.63474528502067296     
  0.36639521354575211      -0.65141139176251350     
  0.33347889556536914      -0.66807752499198814     
  0.29972923434767523      -0.68474368287773912     
  0.26514623043006247      -0.70140986375295056     
  0.22972988430787017      -0.71807606609733321     
  0.19348019643862105      -0.73474228852141754     
  0.15639716724574110      -0.75140852975281769     
  0.11848079712183616      -0.76807478862418610     
   7.9731086431586815E-002 -0.78474106406262023     
   4.0148035514313382E-002 -0.80140735508032290     
  -2.6835531374499587E-004 -0.81807366076634636     
  -4.1511038519284733E-002 -0.83440523941945943     
  -8.3577645271726952E-002 -0.85108461285922499     
 -0.12647822740068335      -0.86776325113224284     
 -0.17021274847340323      -0.88444120962498840     
 -0.21478117476552280      -0.90111853861363866     
 -0.26018347501386835      -0.91779528381913156     
 -0.30641962019585472      -0.93447148689317472     
 -0.35348958333219915      -0.95114718584484692     
 -0.40139333931012500      -0.96782241541594638     
 -0.45013086472461428      -0.98449720741200120     
 -0.49970213773559541       -1.0011715909948271     
 -0.55010713793922983       -1.0178455929416523     
 -0.60134584625170051       -1.0345192378751036     
 -0.65341824480410682       -1.0511925484677391     
 -0.70632431684724795       -1.0678655456242945     
 -0.76006404666522498       -1.0845382486443758     
 -0.81463741949692392       -1.1012106753679578     
 -0.87004442146455252       -1.1178828423057354     
 -0.92628503950850349       -1.1345547647560998     
 -0.98335926132789886       -1.1512264569102877     
  -1.0412670753262465       -1.1678979319470488     
  -1.1000084705617030       -1.1845692021180079     
  -1.1595834367014932       -1.2012402788247531     
  -1.2199919639800869       -1.2179111726885541     
  -1.2812340431607763       -1.2345818936135020     
  -1.3433096655003356       -1.2512524508437743     
  -1.4062188227164789       -1.2679228530156375     
  -1.4699615069578595       -1.2845931082047348     
  -1.5345377107763840       -1.3012632239691415     
  -1.5999474271016334       -1.3179332073886125     
  -1.6661906492172085       -1.3346030651004046     
  -1.7332673707388313       -1.3512728033320098     
  -1.8011775855940524       -1.3679424279311003     
  -1.8699212880034288       -1.3846119443929525     
  -1.9394984724630504       -1.4012813578855914     
  -2.0099091337283004       -1.4179506732728666     
  -2.0811532667987538       -1.4346198951356550     
  -2.1532308669041180       -1.4512890277913599     
  -2.2261419294911340       -1.4679580753118611     
  -2.2998864502113636       -1.4846270415400564     
  -2.3744644249097915       -1.5012959301051179     
  -2.4498758496141813       -1.5179647444365765     
  -2.5261207205251255       -1.5346334877773369     
  -2.6031990340067406       -1.5513021631957129     
  -2.6811107865779555       -1.5679707735965693     
  -2.7598559749043532       -1.5846393217316428     
  -2.8394345957905203       -1.6013078102091105     
  -2.9198466461728736       -1.6179762415024708     
  -3.0010921231129255       -1.6346446179587881     
  -3.0831710237909569       -1.6513129418063572     
  -3.1660833455000725       -1.6679812151618301     
  -3.2498290856406093       -1.6846494400368497     
  -3.3344082417148733       -1.7013176183442298     
  -3.4198208113221842       -1.7179857519037132     
  -3.5060667921542068       -1.7346538424473443     
  -3.5931461819905488       -1.7513218916244833     
  -3.6810589786946086       -1.7679899010064886     
  -3.7698051802096564       -1.7846578720910939     
  -3.8593847845551323       -1.8013258063065019     
  -3.9497977898231498       -1.8179937050152140     
  -4.0410441941751900       -1.8346615695176178     
  -4.1331239958389734       -1.8513294010553478     
  -4.2260371931055012       -1.8679972008144354     
  -4.3197837843262530       -1.8846649699282647     
  -4.4143637679105323       -1.9013327094803469     
  -4.5097771423229522       -1.9180004205069252     
  -4.6060239060810471       -1.9346681039994229     
  -4.7031040577530119       -1.9513357609067445     
  -4.8010175959555532       -1.9680033921374416     
  -4.8997645193518498       -1.9846709985617492     
  -4.9993448266496161       -2.0013385810135058     
  -5.0997585165992607       -2.0180061402919600     
  -5.2010055879921353       -2.0346736771634748     
  -5.3030860396588695       -2.0513411923631346     
  -5.4059998704677881       -2.0680086865962615     
  -5.5097470793234002       -2.0846761605398454     
  -5.6143276651649661       -2.1013436148438975     
  -5.7197416269651242       -2.1180110501327261     
  -5.8259889637285927       -2.1346784670061441     
  -5.9330696744909197       -2.1513458660406108     
  -6.0409837583173021       -2.1680132477903120     
  -6.1497312143014504       -2.1846806127881822     
  -6.2593120415645114       -2.2013479615468730     
  -6.3697262392540344       -2.2180152945596707     
  -6.4809738065429867       -2.2346826123013641     
  -6.5930547426288122       -2.2513499152290697     
  -6.7059690467325312       -2.2680172037830131     
  -6.8197167180978804       -2.2846844783872702     
  -6.9342977559904897       -2.3013517394504719     
  -7.0497121596970942       -2.3180189873664716     
  -7.1659599285247806       -2.3346862225149816     
  -7.2830410618002670       -2.3513534452621747     
  -7.4009555588692102       -2.3680206559612600     
  -7.5197034190955439       -2.3846878549530262     
  -7.6392846418608444       -2.4013550425663621     
  -7.7596992265637219       -2.4180222191187504     
  -7.8809471726192379       -2.4346893849167373     
  -8.0030284794583455       -2.4513565402563806     
  -8.1259431465273533       -2.4680236854236761     
  -8.2496911732874079       -2.4846908206949645     
  -8.3742725592140044       -2.5013579463373183     
  -8.4996873037965059       -2.5180250626089111     
  -8.6259354065376890       -2.5346921697593712     
  -8.7530168669533097       -2.5513592680301165     
  -8.8809316845716761       -2.5680263576546767     
  -9.0096798589332483       -2.5846934388589986     
  -9.1392613895902457       -2.6013605118617398     
  -9.2696762761062779       -2.6180275768745478     
  -9.4009245180559748       -2.6346946341023267     
  -9.5330061150246532       -2.6513616837434939     
  -9.6659210666079716       -2.6680287259902231     
  -9.7996693724116142       -2.6846957610286784     
  -9.9342510320509820       -2.7013627890392375     
  -10.069666045150894       -2.7180298101967062     
  -10.205914411345303       -2.7346968246705217     
  -10.342996130277010       -2.7513638326249499     
  -10.480911201597412       -2.7680308342192728     
  -10.619659624966230       -2.7846978296079681     
  -10.759241400051275       -2.8013648189408813     
  -10.899656526528197       -2.8180318023633917     
  -11.040905004080265       -2.8346987800165695     
  -11.182986832398136       -2.8513657520373288     
  -11.325902011179643       -2.8680327185585721     
  -11.469650540129591       -2.8846996797093309     
  -11.614232418959553       -2.9013666356149002     
  -11.759647647387681       -2.9180335863969655     
  -11.905896225138513       -2.9347005321737285     
  -12.052978151942799       -2.9513674730600239     
  -12.200893427537322       -2.9680344091674349     
  -12.349642051664732       -2.9847013406044014     
  -12.499224024073385       -3.0013682674763262     
  -12.649639344517182       -3.0180351898856763     
  -12.800888012755415       -3.0347021079320791     
  -12.952970028552627       -3.0513690217124174     
  -13.105885391678466       -3.0680359313209178     
  -13.259634101907544       -3.0847028368492384     
  -13.414216159019308       -3.1013697383865519     
  -13.569631562797909       -3.1180366360196259     
  -13.725880313032077       -3.1347035298328989     
  -13.882962409515001       -3.1513704199085559     
  -14.040877852044209       -3.1680373063265996     
  -14.199626640421462       -3.1847041891649197     
  -14.359208774452632       -3.2013710684993582     
  -14.519624253947606       -3.2180379444037737     
  -14.680873078720179       -3.2347048169501047     
  -14.842955248587952       -3.2513716862084268     
  -15.005870763372240       -3.2680385522470115     
  -15.169619622897971       -3.2847054151323802     
  -15.334201826993599       -3.3013722749293595     
  -15.499617375491018       -3.3180391317011302     
