   0.0000000000000000        1.0000000000000000        0.0000000000000000       -0.0000000000000000     
   5.0000000000000003E-002  0.99958338541666669       -1.6666666666666666E-002   4.1656250930013898E-005
  0.10000000000000001       0.99833407006174202       -3.3301128278868879E-002   3.3301128278868881E-004
  0.15000000000000002       0.99625407921790421       -4.9888057755701209E-002   1.1224812995032775E-003
  0.20000000000000001       0.99334649587076695       -6.6400621247920455E-002   2.6560248499168187E-003
  0.25000000000000000       0.98961566653621580       -8.2813797517638441E-002   5.1758623448524025E-003
  0.29999999999999999       0.98506717706706659       -9.9102967753563490E-002   8.9192670978207132E-003
  0.34999999999999998       0.97970783745176060      -0.11524378377533789        1.4117363512478890E-002
  0.39999999999999997       0.97354566825254307      -0.13121217701796925        2.0993948322875076E-002
  0.44999999999999996       0.96658988581758154      -0.14698439195407589        2.9764339370700364E-002
  0.49999999999999994       0.95885088565413013      -0.16253702512224738        4.0634256280561838E-002
  0.54999999999999993       0.95034022381388406      -0.17784706540326559        5.3798737284487828E-002
  0.59999999999999998       0.94107059626516965      -0.19289193423746975        6.9441096325489102E-002
  0.65000000000000002       0.93105581626806322      -0.20764952529041356        8.7731924435199740E-002
  0.70000000000000007       0.92031078978598269      -0.22209824333159600       0.10882813923248207     
  0.75000000000000011       0.90885148897657297      -0.23621704218450854       0.13287208622878610     
  0.80000000000000016       0.89669492381083016      -0.24998546164450891       0.15999069545248576     
  0.85000000000000020       0.88385911187415878      -0.26338366327876778       0.19029469671890981     
  0.90000000000000024       0.87036304640712736      -0.27639246503200149       0.22387789667592134     
  0.95000000000000029       0.85622666264736724      -0.28899337456763896       0.26081652054729432     
   1.0000000000000002       0.84147080253748063      -0.30116862127843880       0.30116862127843891     
   1.0500000000000003       0.82611717786703764      -0.31290118690423857       0.34497355856192319     
   1.1000000000000003       0.81018833191977924      -0.32417483469788488       0.39225154998444095     
   1.1500000000000004       0.79370759970001425      -0.33497413708365170       0.44300329629312962     
   1.2000000000000004       0.77669906681490297      -0.34528450175570008       0.49720968252820846     
   1.2500000000000004       0.75918752709186410      -0.35509219616741367       0.55483155651158422     
   1.3000000000000005       0.74119843901271676      -0.36438437036578136       0.61580958591817092     
   1.3500000000000005       0.72275788104837824      -0.37314907812840359       0.68006419488901604     
   1.4000000000000006       0.70389250597997144      -0.38137529636417061       0.74749558087377499     
   1.4500000000000006       0.68462949429405873      -0.38905294274220215       0.81798381211548077     
   1.5000000000000007       0.66499650674139621      -0.39617289151724067       0.89138900591379233     
   1.5500000000000007       0.64502163615010588      -0.40272698752335151       0.96755158752485293     
   1.6000000000000008       0.62473335858547463      -0.40870805831149598        1.0462926292774306     
   1.6500000000000008       0.60416048394971922      -0.41410992441029970        1.1274142692070421     
   1.7000000000000008       0.58333210611599451      -0.41892740769313219        1.2107002082331533     
   1.7500000000000009       0.56227755269167212      -0.42315633783843770        1.2959162846302168     
   1.8000000000000009       0.54102633450647253      -0.42679355687410131        1.3828111242720897     
   1.8500000000000010       0.51960809492139903      -0.42983692180049377        1.4711168648621915     
   1.9000000000000010       0.49805255905459228      -0.43228530529070264        1.5605499520994381     
   1.9500000000000011       0.47638948302020379      -0.43413859447032055        1.6508120054733957     
   2.0000000000000009       0.45464860327616963      -0.43539768778301241        1.7415907511320512     
   2.0500000000000007       0.43285958617636056      -0.43606448995191949        1.8325610190229429     
   2.1000000000000005       0.41105197782198566      -0.43614190505076433        1.9233858012738716     
   2.1500000000000004       0.38925515430633900      -0.43563382770229675        2.0137173685538672     
   2.2000000000000002       0.36749827244600303      -0.43454513242545123        2.1031984409391842     
   2.2500000000000000       0.34581022109046272      -0.43288166115627086        2.1914634096036214     
   2.2999999999999998       0.32421957310073940      -0.43065020897127715        2.2781396054580556     
   2.3499999999999996       0.30275453808613062      -0.42785850804552650        2.3628486106814193     
   2.4249129399657243       0.28144291598644350      -0.42451520988108277        2.4962355115272286     
   2.4249129407107821       0.26030764479523522      -0.42080344928274399        2.4744096081091445     
   2.4999999999999991       0.23938019429562399      -0.41620953710557351        2.6013096069098327     
   2.5499999999999989       0.21869101342942146      -0.41127196141767564        2.6742959291184336     
   2.5999999999999988       0.19826146839396863      -0.40582619130590297        2.7433850532279016     
   2.6499999999999986       0.17811664912091299      -0.39988515043654960        2.8081934689406665     
   2.6999999999999984       0.15828097977183861      -0.39346254129321684        2.8683419260275476     
   2.7499999999999982       0.13877818050694374      -0.38657281656858861        2.9234569252999476     
   2.7999999999999980       0.11963123071759761      -0.37923114922773621        2.9731722099454476     
   2.8499999999999979       0.10086233378764281      -0.37145340130564142        3.0171302521050678     
   2.8999999999999977        8.2492883445114462E-002 -0.36325609150404453        3.0549837295490097     
   2.9499999999999975        6.4543431762734721E-002 -0.35465636165500325        3.0863969873026607     
   2.9999999999999973        4.7033658862117383E-002 -0.34567194212067948        3.1110474790861096     
   3.0499999999999972        2.9982344373091871E-002 -0.33632111620085531        3.1286271834584505     
   3.0999999999999970        1.3407340695934009E-002 -0.32662268362150909        3.1388439896026963     
   3.1499999999999968       -2.6744518894178714E-003 -0.31659592317945762        3.1414230477481619     
   3.1999999999999966       -1.8244819565376408E-002 -0.30617048924557078        3.1351858098746384     
   3.2499999999999964       -3.3288981392961201E-002 -0.29554960726615831        3.1217427267487903     
   3.2999999999999963       -4.7795315153510612E-002 -0.28466080734946370        3.0999561920356524     
   3.3499999999999961       -6.1750943722710845E-002 -0.27352489081205572        3.0696330871382882     
   3.3999999999999959       -7.5144037267963301E-002 -0.26216294124239797        3.0306036007621131     
   3.4499999999999957       -8.7963826344360493E-002 -0.25059628374164283        2.9827222672348963     
   3.4999999999999956      -0.10020061294522002      -0.23884644387887616        2.9258689375162255     
   3.5499999999999954      -0.11184577949495930      -0.22693510644326045        2.8599496789511822     
   3.5999999999999952      -0.12289179577622106      -0.21488407407569637        2.7848976000210177     
   3.6499999999999950      -0.13333222378729134      -0.20271522586262111        2.7006735965547626     
   3.6999999999999948      -0.14316172052997919      -0.19045047597439030        2.6072670160893958     
   3.7499999999999947      -0.15237603873224145      -0.17811173243034792        2.5046962373017605     
   3.7999999999999945      -0.16097202551392945      -0.16572085607217601        2.3930091616822149     
   3.8499999999999943      -0.16894761900809757      -0.15329961982643689        2.2722836148773542     
   3.8999999999999941      -0.17630184295433882      -0.14086966833637390        2.1426276553962404     
   3.9499999999999940      -0.18303479928459118      -0.12845247804202747        2.0041797886507275     
   3.9999999999999938      -0.18914765872578310      -0.11606931778655107        1.8571090845848113     
   4.0499999999999936      -0.19464264944754761      -0.10374121002528280        1.7016151974396958     
   4.0999999999999934      -0.19952304378702629       -9.1488892712642142E-002   1.5379282864995094     
   4.1499999999999932      -0.20379314308649707       -7.9332781940284799E-002   1.3663088369665506     
   4.1999999999999931      -0.20745826068318807       -6.7292935398163431E-002   1.1870473804235990     
   4.2499999999999929      -0.21052470309417359       -5.5389016728212725E-002   1.0004641146533391     
   4.2999999999999927      -0.21299974944268413       -4.3640260838309089E-002  0.80690842290033227     
   4.3499999999999925      -0.21489162917548929       -3.2065440241951799E-002  0.60675829297833084     
   4.3999999999999924      -0.21620949812422796       -2.0682832486779462E-002  0.40041963694404897     
   4.4499999999999922      -0.21696341296665403       -9.5101887325783133E-003  0.18832551237688139     
   4.4999999999999920      -0.21716430414673538        1.4352964631377545E-003  -2.9064753378539424E-002
   4.5499999999999918      -0.21682394731538104        1.2137014096585059E-002 -0.25126653433455126     
   4.5999999999999917      -0.21595493335627111        2.2578968353612460E-002 -0.47777097036243793     
   4.6499999999999915      -0.21457063706382196        3.2745802880352559E-002 -0.70804612278042056     
   4.6999999999999913      -0.21268518454272950        4.2622825641918730E-002 -0.94153821842998120     
   4.7499999999999911      -0.21031341940079193        5.2196032325525374E-002  -1.1776729793446619     
   4.7999999999999909      -0.20747086780881546        6.1452128247570674E-002  -1.4158570348240229     
   4.8499999999999908      -0.20417370250334915        7.0378548727457121E-002  -1.6554794124416039     
   4.8999999999999906      -0.20043870580977402        7.8963477894228487E-002  -1.8959131042404187     
   4.9499999999999904      -0.19628323176488360        8.7195865895465338E-002  -2.1365167041036313     
   4.9999999999999902      -0.19172516741953596        9.5065444481297390E-002  -2.3766361120324255     
   5.0499999999999901      -0.18678289340322771       0.10256274093985256       -2.6156063008185795     
   5.0999999999999899      -0.18147524383353736       0.10967909036396188       -2.8527531403666373     
   5.1499999999999897      -0.17582146565430654       0.11640664623246948       -3.0873952747006594     
   5.1999999999999895      -0.16984117748717067       0.12273838929304907       -3.3188460464840337     
   5.2499999999999893      -0.16355432808161730       0.12866813473699637       -3.5464154636884482     
   5.2999999999999892      -0.15698115444913688       0.13419053766004152       -3.7694122028705510     
   5.3499999999999890      -0.15014213976723942       0.13930109680680158       -3.9871456433526618     
   5.3999999999999888      -0.14305797113914032       0.14399615660005916       -4.1989279264577073     
   5.4499999999999886      -0.13574949729477004       0.14827290745960670       -4.4040760338189493     
   5.4999999999999885      -0.12823768631843771       0.15212938441892401       -4.6019138786724323     
   5.5499999999999883      -0.12054358348797692       0.15556446405145630       -4.7917744039449621     
   5.5999999999999881      -0.11268826930952755       0.15857785972172084       -4.9730016808731445     
   5.6499999999999879      -0.10469281783126015       0.16117011517988736       -5.1449530018299319     
   5.6999999999999877       -9.6578255318332792E-002  0.16334259652184108       -5.3070009609945936     
   5.7499999999999876       -8.8365519370187176E-002  0.16509748254004311       -5.4585355164801515     
   5.7999999999999874       -8.0075418559943407E-002  0.16643775349374240       -5.5989660275294701     
   5.8499999999999872       -7.1728592674146108E-002  0.16736717833025985       -5.7277232604072932     
   5.8999999999999870       -6.3345473629450560E-002  0.16789030039215355       -5.8442613566508390     
   5.9499999999999869       -5.4946247141021955E-002  0.16801242164807595       -5.9480597573959821     
   5.9999999999999867       -4.6550815215456981E-002  0.16773958548804416       -6.0386250775695629     
   6.0499999999999865       -3.8178759538930331E-002  0.16707855812665859       -6.1154929238309936     
   6.0999999999999863       -2.9849305829023558E-002  0.16603680866051371       -6.1782296502576877     
   6.1499999999999861       -2.1581289216316218E-002  0.16462248782864702       -6.2264340458989738     
   6.1999999999999860       -1.3393120719314143E-002  0.16284440552735882       -6.2597389484716448     
   6.2499999999999858       -5.3027548736633932E-003  0.16071200713310438       -6.2778127786368616     
   6.2999999999999856        2.6723414261432903E-003  0.15823534868940453       -6.2803609894824373     
   6.3499999999999854        1.0515218817211505E-002  0.15542507101583833       -6.2671274260361125     
   6.3999999999999853        1.8209474038438991E-002  0.15229237279916599       -6.2378955898538102     
   6.4499999999999851        2.5739277131104771E-002  0.14884898272848010       -6.1924898039615650     
   6.4999999999999849        3.3089397223638406E-002  0.14510713073799270       -6.1307762736801630     
   6.5499999999999847        4.0245226857574291E-002  0.14107951842263383       -6.0526640391270199     
   6.5999999999999845        4.7192804814990941E-002  0.13677928869305911       -5.9581058154696267     
   6.6499999999999844        5.3918837411097445E-002  0.13221999473793841       -5.8470987172984543     
   6.6999999999999842        6.0410718219051786E-002  0.12741556836252213       -5.7196848637935913     
   6.7499999999999840        6.6656546197570263E-002  0.12238028777345382       -5.5759518616779635     
   6.7999999999999838        7.2645142195407089E-002  0.11712874488061728       -5.4160331632797174     
   6.8499999999999837        7.8366063810339628E-002  0.11167581218746979       -5.2401082973665263     
   6.8999999999999835        8.3809618583880849E-002  0.10603660934182264       -5.0484029707641520     
   6.9499999999999833        8.8966875516548055E-002  0.10022646941938237       -4.8411890391296941     
   6.9999999999999831        9.3829674892138212E-002   9.4260905012562554E-002  -4.6187843456155431     
   7.0499999999999829        9.8390636403087220E-002   8.8155574197116587E-002  -4.3815524265321661     
   7.0999999999999828       0.10264316557261596        8.1926246449026574E-002  -4.1299020834954092     
   7.1499999999999826       0.10658145847298148        7.5588768583813415E-002  -3.8642868219259823     
   7.1999999999999824       0.11020050474274989        6.9159030790009804E-002  -3.5852041561540906     
   7.2499999999999822       0.11349608890958121        6.2652932827962263E-002  -3.2931947817697504     
   7.2999999999999821       0.11646479002855666        5.6086350464402489E-002  -2.9888416162479938     
   7.3499999999999819       0.11910397964958025        4.9475102212354523E-002  -2.6727687092669092     
   7.3999999999999817       0.12141181813083950        4.2834916444924633E-002  -2.3456400245240614     
   7.4499999999999815       0.12338724931870922        3.6181398950358705E-002  -2.0081580952422740     
   7.4999999999999813       0.12502999361781958        2.9530000994449589E-002  -1.6610625559377812     
   7.5499999999999812       0.12634053947827822        2.2895987954938732E-002  -1.3051285534013886     
   7.5999999999999810       0.12732013333022982        1.6294408590984976E-002 -0.94116504021528746     
   7.6499999999999808       0.12797076799904816        9.7400650090736680E-003 -0.57001295449351086     
   7.6999999999999806       0.12829516963747936        3.2474833849146490E-003 -0.19254328989158856     
   7.7499999999999805       0.12829678321398380       -3.1691145010669603E-003  0.19034493972033334     
   7.7999999999999803       0.12797975659935434       -9.4958388591031891E-003  0.57772683618783516     
   7.8499999999999801       0.12734892329641084       -1.5719158562945403E-002  0.96865384854509817     
   7.8999999999999799       0.12640978386018381       -2.1825926849118469E-002   1.3621560946534768     
   7.9499999999999797       0.12516848605849570       -2.7803405993844777E-002   1.7572447673259655     
   7.9999999999999796       0.12363180382522315       -3.3639290921385893E-002   2.1529146189686861     
   8.0499999999999794       0.12180711506077246       -3.9321731700108102E-002   2.5481465184962424     
   8.0999999999999801       0.11970237833641961       -4.4839354885219104E-002   2.9419100740192108     
   8.1499999999999808       0.11732610856115104       -5.0181283669840711E-002   3.3331663145599788     
   8.1999999999999815       0.11468735167148897       -5.5337156808870080E-002   3.7208704238284076     
   8.2499999999999822       0.11179565840649110       -6.0297146282933672E-002   4.1039745188821550     
   8.2999999999999829       0.10866105723167697       -6.5051973672647034E-002   4.4814304663086357     
   8.3499999999999837       0.10529402647704895       -6.9592925216353269E-002   4.8521927283971715     
   8.3999999999999844       0.10170546575564184       -7.3911865527516635E-002   5.2152212316215545     
   8.4499999999999851        9.7906666730150804E-002  -7.8001249950989018E-002   5.5694842496254733     
   8.4999999999999858        9.3909283296149698E-002  -8.1854135540438300E-002   5.9139612927966470     
   8.5499999999999865        8.9725301251219733E-002  -8.5464190642322843E-002   6.2476459964303857     
   8.5999999999999872        8.5367007519962040E-002  -8.8825703074908238E-002   6.5695489994201939     
   8.6499999999999879        8.0846959005364427E-002  -9.1933586893944000E-002   6.8787008053721062     
   8.6999999999999886        7.6177951137333846E-002  -9.4783387739742708E-002   7.1741546180211069     
   8.7499999999999893        7.1372986189390905E-002  -9.7371286763524495E-002   7.4549891428323258     
   8.7999999999999901        6.6445241434551591E-002  -9.9694103133999804E-002   7.7203113466969278     
   8.8499999999999908        6.1408037211295730E-002 -0.10174929512825581        7.9692591676827993     
   8.8999999999999915        5.6274804970241149E-002 -0.10353495981407956        8.2010041668732256     
   8.9499999999999922        5.1059055371710245E-002 -0.10504983133388818        8.4147541144227631     
   8.9999999999999929        4.5774346503791592E-002 -0.10629327780343611        8.6097555020783112     
   9.0499999999999936        4.0434252289766930E-002 -0.10726529684142487        8.7852959745547885     
   9.0999999999999943        3.5052331152894557E-002 -0.10796650974904606        8.9407066723184929     
   9.1499999999999950        2.9642095005517243E-002 -0.10839815436133762        9.0753644785170788     
   9.1999999999999957        2.4216978628298823E-002 -0.10856207659501944        9.1886941630024364     
   9.2499999999999964        1.8790309504092030E-002 -0.10846072072019265        9.2801704166214769     
   9.2999999999999972        1.3375278169504578E-002 -0.10809711838593086        9.3493197691991554     
   9.3499999999999979        7.9849091456645326E-003 -0.10747487643235622        9.3957223849076570     
   9.3999999999999986        2.6320325079941293E-003 -0.10659816352427237        9.4190137290047034     
   9.4499999999999993       -2.6707438470126438E-003 -0.10547169564381639        9.4188861002319122     
   9.5000000000000000       -7.9110611819441738E-003 -0.10410072048188593        9.3950900234902051     
   9.5500000000000007       -1.3076836091535692E-002 -0.10249100077029340        9.3474354977526843     
   9.6000000000000014       -1.8156285816773015E-002 -0.10064879659868987        9.2757930945352616     
   9.6500000000000021       -2.3137952650416668E-002  -9.8580846762284610E-002   9.1800949026208531     
   9.7000000000000028       -2.8010727386676003E-002  -9.6294349188256925E-002   9.0603353151230994     
   9.7500000000000036       -3.2763871770202228E-002  -9.3796940490512737E-002   8.9165716553793732     
   9.8000000000000043       -3.7387039902093147E-002  -9.1096674704074163E-002   8.7489246385792896     
   9.8500000000000050       -4.1870298563205371E-002  -8.8202001251904791E-002   8.5575786664629412     
   9.9000000000000057       -4.6204146417744972E-002  -8.5121742198362438E-002   8.3427819528615128     
   9.9500000000000064       -5.0379532062849348E-002  -8.1865068844732922E-002   8.1048464783006811     
