   1.0000000000000000        0.0000000000000000     
  0.99958338541666669       -1.6666666666666666E-002
  0.99840337471547747       -3.4692426793484166E-002
  0.99634283815789371       -5.1392010370906863E-002
  0.99344483661126182       -6.7920939504775388E-002
  0.98971922211241892       -8.4333869877672982E-002
  0.98517325307648551      -0.10062022650576628     
  0.97981438535818111      -0.11675891080709064     
  0.97365090699769619      -0.13272659350348989     
  0.96669213488337213      -0.14849957213954376     
  0.95894848272024857      -0.16405430146187341     
  0.95043148135654165      -0.17936758099359615     
  0.94115377806487643      -0.19441664056969329     
  0.93112912498224165      -0.20917919259160264     
  0.92037236111430187      -0.22363347274430073     
  0.90889938999763376      -0.23775827646993883     
  0.89672715410176795      -0.25153299367149412     
  0.88387360657630798      -0.26493764242481027     
  0.87035768071013642      -0.27795290186838628     
  0.85619925734483082      -0.29056014422644283     
  0.84141913041648886      -0.30274146585413175     
  0.82603897076223898      -0.31447971718153306     
  0.81008128830621651      -0.32575853143984890     
  0.79356939272759008      -0.33656235206541313     
  0.77652735270644091      -0.34687645868980183     
  0.75897995383972661      -0.35668699163583628     
  0.74095265531792631      -0.36598097484927877     
  0.72247154545249093      -0.37474633720465617     
  0.70356329614444979      -0.38297193213114850     
  0.68425511638514602      -0.39064755551110675     
  0.66457470488090586      -0.39776396180972184     
  0.64455020189436185      -0.40431287839983010     
  0.62421014039606360      -0.41028701805093482     
  0.60358339662086702      -0.41568008955634622     
  0.58269914012435420      -0.42048680647696240     
  0.56158678343517088      -0.42470289398468408     
  0.54027593139966246      -0.42832509379281097     
  0.51879633031552408      -0.43135116716503102     
  0.49717781695134877      -0.43377989599880723     
  0.47545026754895098      -0.43561108198309428     
  0.45364354690515757      -0.43684554383439156     
  0.43178745762939086      -0.43748511261915884     
  0.40991168967281766      -0.43753262517458746     
  0.38804577022410153      -0.43699191564363343     
  0.36621901406587559      -0.43586780514407375     
  0.34446047448494954      -0.43416608959514125     
  0.32279889482797847      -0.43189352572902262     
  0.30126266079285574      -0.42905781531815962     
  0.27987975354444949      -0.42566758765287571     
  0.25867400105969585      -0.42190759223812696     
  0.23767483696572952      -0.41726012735531132     
  0.21691519962901620      -0.41226677167580517     
  0.19641588045035080      -0.40676229899045746     
  0.17620216861510896      -0.40075965468390118     
  0.15629868950696227      -0.39427257216954731     
  0.13672936590068616      -0.38731554436268234     
  0.11751738060938333      -0.37990379379845396     
   9.8685140652621614E-002 -0.37205324145697438     
   8.0254243008816548E-002 -0.36378047436027450     
   6.2245442011899819E-002 -0.35510271200820442     
   4.4678618448910037E-002 -0.34603777172259426     
   2.7572750411630643E-002 -0.33660403297105634     
   1.0945885951788133E-002 -0.32682040074372626     
  -5.1848824143801119E-003 -0.31670626805799801     
  -2.0801276138056494E-002 -0.30617901094937072     
  -3.5887459267592500E-002 -0.29546716452113031     
  -5.0432397784619401E-002 -0.28448563626516654     
  -6.4423042641249706E-002 -0.27325537474968881     
  -7.7847398381599889E-002 -0.26179761864295648     
  -9.0694536791272803E-002 -0.25013385565281426     
 -0.10295460848721069      -0.23828578115533566     
 -0.11461885243409903      -0.22627525659571737     
 -0.12567960337766462      -0.21412426774481483     
 -0.13613029718938374      -0.20185488289478185     
 -0.14596547412128760      -0.18948921107717678     
 -0.15518077997371640      -0.17704936038662433     
 -0.16377296518301845      -0.16455739649267687     
 -0.17173988184031158      -0.15203530142190277     
 -0.17908047865650967      -0.13950493269144504     
 -0.18579479389285983      -0.12698798287434068     
 -0.19188394628022828      -0.11450593967577540     
 -0.19735012395430518      -0.10208004659816941     
 -0.20219657143776429       -8.9731264271553160E-002
 -0.20642757470420392       -7.7480232524098372E-002
 -0.21004844436240244       -6.5347233265925939E-002
 -0.21306549700303970       -5.3352154257419210E-002
 -0.21548603475355424       -4.1514453831235892E-002
 -0.21731832309022192       -2.9853126635036680E-002
 -0.21857156695984398       -1.8386670459640556E-002
 -0.21925588526661838       -7.1330542148790622E-003
 -0.21938228378282859        3.8903128871385331E-003
 -0.21896262654491416        1.4666610884315619E-002
 -0.21800960579928136        2.5179637298170361E-002
 -0.21653671056486454        3.5413833997401140E-002
 -0.21455819388195388        4.5354312643061279E-002
 -0.21208903881915905        5.4986878670076005E-002
 -0.20914492331257603        6.4298053763007276E-002
 -0.20574218391326091        7.3275096787223534E-002
 -0.20189777852098853        8.1906023139954848E-002
 -0.19762924818397848        9.0179622489101427E-002
 -0.19295467804580671        9.8085474871108483E-002
 -0.18789265752208223       0.10561396512271487     
 -0.18246223979065487       0.11275629562491962     
 -0.17668290068012799       0.11950449734108175     
 -0.17057449704228006       0.12585143913466648     
 -0.16415722469464764       0.13179083535576841     
 -0.15745157601999030       0.13731725168917017     
 -0.15047829730964443       0.14242610926032784     
 -0.14325834593787806       0.14711368699930141     
 -0.13581284745428185       0.15137712226626532     
 -0.12816305268097564       0.15521440974583040     
 -0.12033029490097290       0.15862439862097757     
 -0.11233594722343275       0.16160678804093906     
 -0.10420138021073864       0.16416212090085444     
  -9.5947919851380237E-002  0.16629177595447289     
  -8.7596805961480381E-002  0.16799795828455885     
  -7.9169151096507143E-002  0.16928368815898101     
  -7.0685900053243600E-002  0.17015278830371680     
  -6.2167790040460448E-002  0.17060986962717897     
  -5.3635311594951475E-002  0.17066031543336141     
  -4.5108670317654261E-002  0.17031026416430198     
  -3.6607749502493028E-002  0.16956659071526364     
  -2.8152073728351702E-002  0.16843688636883661     
  -1.9760773482218896E-002  0.16692943739685770     
  -1.1452550879047585E-002  0.16505320238162288     
  -3.2456465412469444E-003  0.16281778831032961     
   4.8421923020220596E-003  0.16023342549902353     
   1.2793742438435738E-002  0.15731094140453264     
   2.0592333964637610E-002  0.15406173338494927     
   2.8221878195634143E-002  0.15049774047115910     
   3.5666894143344043E-002  0.14663141421371687     
   4.2912533519438661E-002  0.14247568867102334     
   4.9944604220940617E-002  0.13804394960626751     
   5.6749592260449573E-002  0.13335000296195643     
   6.3314682106330802E-002  0.12840804268206252     
   6.9627775401725919E-002  0.12323261795287080     
   7.5677508034818389E-002  0.11783859993450521     
   8.1453265536401115E-002  0.11224114805585274     
   8.6945196784441861E-002  0.10645567594618482     
   9.2144225999016477E-002  0.10049781707719749     
   9.7042063014671609E-002   9.4383390189453714E-002
  0.10163121182098064        8.8128364577314267E-002
  0.10590497736575966        8.1748825306386774E-002
  0.10985747061910806        7.5260938437307287E-002
  0.11348361190012148        6.8680916329296376E-002
  0.11677913247178633        6.2024983096402357E-002
  0.11974057441319681        5.5309340288661232E-002
  0.12236528878182999        4.8550132869566734E-002
  0.12465143208216366        4.1763415560257901E-002
  0.12659796106041915        3.4965119619698122E-002
  0.12820462584864845        2.8171020128841484E-002
  0.12947196148475570        2.1396703845363168E-002
  0.13040127783833966        1.4657537693973764E-002
  0.13099464797546009        7.9686379556469563E-003
  0.13125489499855986        1.3448402172699214E-003
  0.13118557740080927       -5.1993298587193612E-003
  0.13079097297707562       -1.1649684887209256E-002
  0.13007606133654956       -1.7992403180488562E-002
  0.12904650506477924       -2.4214055182491367E-002
  0.12770862958546425       -3.0301628866582778E-002
  0.12606940177484127       -3.6242554048751194E-002
  0.12413640738384653       -4.2024725570661801E-002
  0.12191782732546140       -4.7636525309702415E-002
  0.11942241288673436       -5.3066842975910550E-002
  0.11665945992691852       -5.8305095658503350E-002
  0.11363878212496809       -6.3341246087633085E-002
  0.11037068334129405       -6.8165819579953976E-002
  0.10686592916018769       -7.2769919639604275E-002
  0.10313571768067625       -7.7145242189273863E-002
   9.9191649624776917E-002  -8.1284088409135785E-002
   9.5045697833161288E-002  -8.5179376164562004E-002
   9.0710176219130204E-002  -8.8824650006713746E-002
   8.6197708252527858E-002  -9.2214089733286611E-002
   8.1521195045793679E-002  -9.5342517499893961E-002
   7.6693783114759106E-002  -9.8205403475781647E-002
   7.1728831887045125E-002 -0.10079887004077552     
   6.6639881031004447E-002 -0.10311969452356394     
   6.1440617678080886E-002 -0.10516531048460295     
   5.6144843611227964E-002 -0.10693380755009552     
   5.0766442491640952E-002 -0.10842392980663111     
   4.5319347195512456E-002 -0.10963507276917119     
   3.9817507331823675E-002 -0.11056727893812303     
   3.4274857011333502E-002 -0.11122123196425267     
   2.8705282935928424E-002 -0.11159824944314008     
   2.3122592876350656E-002 -0.11170027436377153     
   1.7540484605033217E-002 -0.11152986523868687     
   1.1972515349342237E-002 -0.11109018494584973     
   6.4320718289626270E-003 -0.11038498831507858     
   9.3234093946720730E-004 -0.10941860849446187     
  -4.5137188577139163E-003 -0.10819594213467519     
  -9.8934053806530933E-003 -0.10672243343151751     
  -1.5194299751407323E-002 -0.10500405706928213     
  -2.0404292545592988E-002 -0.10304730010977146     
  -2.5511609015307340E-002 -0.10085914287384828     
  -3.0504833336036912E-002  -9.8447038864386355E-002
  -3.5372931830675081E-002  -9.5818893781335332E-002
  -4.0105275126343036E-002  -9.2983043681345717E-002
  -4.4691659202364543E-002  -8.9948232336006073E-002
  -4.9122325290478608E-002  -8.6723587844223016E-002
  -5.3387978591179018E-002  -8.3318598555622556E-002
